,accelerometer_right_foot_x,accelerometer_right_foot_y,accelerometer_right_foot_z,gyroscope_right_foot_x,gyroscope_right_foot_y,gyroscope_right_foot_z,accelerometer_right_shin_x,accelerometer_right_shin_y,accelerometer_right_shin_z,gyroscope_right_shin_x,gyroscope_right_shin_y,gyroscope_right_shin_z,accelerometer_right_thigh_x,accelerometer_right_thigh_y,accelerometer_right_thigh_z,gyroscope_right_thigh_x,gyroscope_right_thigh_y,gyroscope_right_thigh_z,accelerometer_left_foot_x,accelerometer_left_foot_y,accelerometer_left_foot_z,gyroscope_left_foot_x,gyroscope_left_foot_y,gyroscope_left_foot_z,accelerometer_left_shin_x,accelerometer_left_shin_y,accelerometer_left_shin_z,gyroscope_left_shin_x,gyroscope_left_shin_y,gyroscope_left_shin_z,accelerometer_left_thigh_x,accelerometer_left_thigh_y,accelerometer_left_thigh_z,gyroscope_left_thigh_x,gyroscope_left_thigh_y,gyroscope_left_thigh_z,EMG_right,EMG_left,activity
0,-5332,-9436,11632,-173,211,-155,-15876,1744,-2964,-170,254,62,-16120,3672,-872,-82,-23,16,-10368,6744,11480,18,-8,-20,-15936,3768,-3488,24,13,18,-15328,3944,-3144,-52,33,-9,126,129,standing
1,-5316,-9564,11708,-171,172,-173,-15996,1608,-2828,-148,197,27,-16000,3096,-1304,-132,-50,49,-10264,6752,11224,14,-19,-13,-15888,3880,-3328,24,14,20,-15592,3432,-2784,-64,18,-16,119,129,standing
2,-5376,-9556,11664,-166,172,-169,-16064,1596,-3044,8,112,61,-15960,3176,-1488,-79,-45,43,-10176,6808,11336,18,-10,-14,-16056,4120,-3288,-14,17,18,-15944,3600,-2752,-40,16,-15,123,129,standing
3,-5336,-9540,11648,-154,197,-118,-15928,1620,-3028,-18,130,74,-15888,3240,-1296,7,-17,29,-10400,6888,11064,13,-9,-18,-15984,4136,-3536,-59,26,3,-15888,3888,-2656,-11,24,1,121,129,standing
4,-5368,-9552,11632,-143,143,-182,-15948,1684,-2880,-199,75,-24,-15920,3552,-1120,60,-22,-11,-10280,6768,11080,11,0,-29,-15832,3816,-3296,-29,28,1,-15808,3752,-2784,-25,28,15,123,129,standing
5,-5360,-9544,11708,-119,126,-170,-15936,1660,-2928,-350,-10,-99,-16032,3688,-960,35,-1,-5,-10264,6840,11280,11,-11,-18,-15784,3608,-3304,28,30,12,-15560,3728,-2992,-24,27,10,120,129,standing
6,-5388,-9536,11656,-125,92,-180,-16032,1652,-2856,-376,-16,-106,-16008,3472,-1096,-31,-7,19,-10376,6904,11312,12,-12,-26,-15968,3952,-3320,41,26,13,-15600,3472,-2960,8,12,-19,125,129,standing
7,-5300,-9520,11704,-83,57,-192,-15948,1608,-2952,-312,-52,-140,-15904,3576,-960,-68,-27,25,-10272,6848,11136,11,-10,-27,-16032,4008,-3440,8,32,4,-15624,3832,-2880,19,12,-21,121,129,standing
8,-5348,-9504,11632,-98,95,-210,-15896,1644,-2800,-216,3,-120,-15800,3520,-704,-99,-30,17,-10344,6776,11040,12,-1,-26,-16016,3888,-3224,-38,38,-8,-15672,3960,-3032,-14,20,-11,124,129,standing
9,-5380,-9564,11784,-123,104,-196,-16016,1740,-2800,-193,-28,-123,-15920,3272,-704,-81,-11,1,-10408,6840,11200,8,-1,-26,-15832,3816,-3824,-26,36,-6,-15608,3768,-3032,-52,25,-9,120,129,standing
10,-5316,-9508,11576,-135,112,-193,-15988,1528,-2864,-128,-48,-99,-16296,3104,-1080,-84,12,-18,-10368,6760,11216,10,-13,-23,-15872,3960,-3608,-13,27,-3,-15640,3536,-3136,-52,23,-24,120,128,standing
11,-5376,-9632,11684,-178,152,-185,-16000,1552,-2868,6,4,-73,-16016,3256,-1096,-89,2,-20,-10296,6928,11352,11,-5,-24,-15792,3920,-3488,7,26,4,-15648,3592,-3176,-37,13,-32,121,129,standing
12,-5372,-9608,11668,-139,143,-189,-15920,1624,-2884,-13,12,-105,-15864,3224,-912,-101,-7,-4,-10208,6712,11256,13,0,-25,-16008,4144,-3568,-21,18,5,-15752,3616,-3328,-26,18,-25,122,128,standing
13,-5332,-9520,11684,-133,123,-198,-15916,1728,-2816,-199,47,-127,-16040,3152,-576,-96,-24,8,-10264,6800,11168,9,-6,-23,-15880,3944,-3528,-29,16,-3,-15504,3472,-3248,-23,27,-13,122,128,standing
14,-5320,-9560,11748,-89,97,-199,-15928,1668,-2740,-278,75,-167,-16064,2976,-1000,-79,-32,8,-10272,6728,11144,11,-11,-27,-16000,3776,-3472,-21,9,0,-15688,3608,-3456,-25,26,-9,123,128,standing
15,-5288,-9612,11672,-45,81,-206,-15980,1564,-2824,-124,80,-74,-15912,2960,-984,-60,-31,-3,-10328,6784,11216,12,-4,-29,-15768,3768,-3568,-11,3,10,-15696,3544,-3456,-18,18,-15,120,128,standing
16,-5352,-9524,11620,-19,84,-184,-16084,1440,-2812,133,54,-118,-16056,3192,-816,-27,-31,-5,-10296,6720,11448,12,-8,-19,-15992,3744,-3552,-5,0,5,-15672,3184,-3496,10,17,-26,123,127,standing
17,-5344,-9580,11620,-38,141,-127,-16100,1604,-2904,257,-9,-81,-16104,3320,-848,0,-23,13,-10352,6792,11048,17,-8,-22,-15928,3888,-3680,18,-7,15,-15680,3448,-3352,41,22,-28,122,127,standing
18,-5384,-9500,11716,-104,152,-153,-16016,1848,-2948,92,37,-147,-16064,3144,-728,14,-17,16,-10264,6848,11224,14,-13,-18,-16096,3848,-3576,35,-16,15,-15640,3776,-3400,51,21,-5,118,127,standing
19,-5304,-9564,11676,-137,138,-122,-15920,1640,-2952,-153,12,-179,-15880,3000,-968,19,-5,9,-10312,6792,11120,16,-8,-28,-15800,3888,-3344,39,-21,13,-15712,3528,-3136,45,19,1,119,127,standing
20,-5408,-9504,11668,-170,129,-164,-15952,1516,-2944,-122,-8,-199,-15968,3344,-1032,9,-11,11,-10512,6776,11120,16,-12,-24,-15912,3832,-3368,52,-13,17,-15744,3360,-2872,46,9,-18,120,127,standing
21,-5372,-9576,11712,-128,155,-199,-15920,1512,-3012,-2,-36,-106,-15896,3384,-800,5,-17,16,-10296,6664,11320,16,-6,-23,-15680,3720,-3288,35,-6,12,-15632,3536,-2576,45,1,-19,121,127,standing
22,-5356,-9592,11696,-107,117,-224,-15924,1596,-2784,-3,39,-85,-16040,3160,-584,7,-14,23,-10136,6928,11128,17,-5,-27,-15928,3944,-3296,15,-10,10,-15728,3816,-3000,48,6,-17,120,126,standing
23,-5424,-9492,11668,-111,144,-220,-15916,1648,-2800,-100,60,-117,-16016,3032,-688,1,-18,21,-10304,6824,11000,13,-2,-25,-15816,3768,-3304,-3,-3,7,-15736,3752,-3056,34,14,-4,116,126,standing
24,-5304,-9616,11716,-108,152,-202,-16000,1532,-2828,-58,35,-160,-16224,2984,-728,5,-18,9,-10256,6904,11112,12,-2,-24,-15824,3816,-3488,14,1,2,-15704,3648,-3120,14,17,-8,120,126,standing
25,-5364,-9588,11708,-170,201,-181,-15992,1524,-2884,27,98,-107,-16104,3208,-1056,14,-27,-5,-10328,6688,11296,10,-7,-23,-15856,3864,-3344,20,-6,6,-15696,3472,-2912,12,9,-17,121,126,standing
26,-5412,-9616,11672,-72,154,-151,-15924,1616,-2932,108,116,-101,-15888,3384,-912,8,-25,-6,-10288,6776,11312,14,-6,-23,-15880,3816,-3520,37,-4,5,-15560,3496,-3016,24,10,-19,120,126,standing
27,-5440,-9484,11708,-103,93,-219,-15788,1684,-2920,161,101,-86,-15664,3400,-792,-7,-22,-1,-10192,6880,11184,11,-7,-23,-15872,3880,-3464,34,1,2,-15696,3504,-2968,20,16,-18,117,126,standing
28,-5344,-9544,11684,-64,87,-261,-15888,1660,-2924,-60,117,-159,-15968,3352,-680,-32,-13,-2,-10408,6744,11080,14,-8,-25,-15848,3848,-3608,1,-4,2,-15784,3352,-3152,12,25,-17,120,125,standing
29,-5284,-9556,11680,-87,83,-254,-15996,1652,-2872,-144,100,-136,-16328,3256,-1032,-45,-14,5,-10368,6760,11152,10,-10,-17,-15896,3664,-3576,8,-3,1,-15600,3496,-2872,4,26,-21,118,125,standing
30,-5388,-9620,11692,-78,83,-254,-15996,1480,-2952,-24,101,-154,-15968,3192,-1120,-41,-13,-1,-10328,6744,11232,12,-5,-21,-15776,3736,-3424,9,2,0,-15768,3736,-3112,-13,23,-29,118,125,standing
31,-5344,-9620,11732,-19,82,-255,-15968,1552,-2924,49,93,-126,-16016,3104,-872,-40,-18,-8,-10176,6800,11128,8,-8,-25,-15992,3928,-3240,2,9,-7,-15776,3480,-3056,-26,16,-27,119,125,standing
32,-5348,-9664,11644,-66,43,-245,-16004,1568,-2844,79,109,-95,-16008,3112,-888,-34,-11,-6,-10240,6800,11232,8,-6,-22,-15904,3800,-3448,4,21,-8,-15696,3448,-3168,-33,12,-20,119,125,standing
33,-5356,-9544,11676,4,32,-257,-15952,1580,-2940,-37,115,-177,-16096,3016,-648,-23,-14,-3,-10272,6840,11096,10,-8,-25,-15968,3728,-3000,-7,23,-8,-15672,3480,-2672,-20,8,-19,117,125,standing
34,-5260,-9640,11840,-45,61,-247,-16032,1572,-2920,-55,121,-120,-16128,3032,-1120,-35,-24,1,-10448,6888,11048,10,-6,-25,-15968,3664,-3392,4,19,3,-15856,3304,-3192,2,9,-29,119,125,standing
35,-5244,-9692,11740,-1,59,-162,-16060,1468,-2756,76,50,-152,-16208,3080,-1144,-25,-31,0,-10208,6944,11224,10,-5,-22,-15992,3720,-3472,13,24,-8,-15632,3472,-3144,21,16,-22,117,124,standing
36,-5376,-9552,11652,-48,149,-164,-16068,1536,-3172,230,-16,-87,-16032,3216,-1024,-22,-3,0,-10352,6584,11312,9,-8,-23,-15872,3432,-3432,24,18,-4,-15624,3488,-3160,17,13,-20,118,124,standing
37,-5348,-9440,11680,-146,175,-189,-16028,1668,-3124,175,-44,-82,-15952,3472,-904,-19,0,6,-10440,6648,11168,12,-7,-25,-15848,3904,-3400,18,20,2,-15704,3392,-3080,-3,4,-15,117,124,standing
38,-5340,-9484,11700,-148,159,-203,-15868,1676,-2984,-37,6,-149,-15824,3112,-792,-27,5,12,-10280,6720,11120,11,-7,-26,-15968,3872,-3328,-14,26,-12,-15768,3504,-2944,-2,3,-12,120,124,standing
39,-5324,-9488,11728,-128,116,-213,-15864,1540,-2972,-75,-63,-219,-15968,3064,-1152,-54,3,0,-10304,6760,11168,10,-5,-26,-16016,3704,-3440,-23,27,-9,-15712,3648,-2992,-1,2,-14,118,124,standing
40,-5384,-9492,11664,-89,77,-276,-15912,1360,-3060,12,-30,-135,-15776,2960,-952,-48,-9,1,-10272,6680,11208,8,-2,-28,-15904,3568,-3672,-7,30,-7,-15664,3584,-3224,-11,1,-16,118,124,standing
41,-5340,-9608,11516,-51,30,-284,-15948,1412,-2984,79,-31,-94,-15936,3104,-600,-49,-14,8,-10536,6792,11248,11,-5,-23,-15800,3688,-3536,8,18,-4,-15704,3400,-3304,-16,0,-19,115,125,standing
42,-5320,-9520,11544,13,-4,-300,-15920,1596,-2860,-84,-8,-136,-16192,3016,-528,-48,-16,9,-10344,6896,10920,15,-6,-24,-16080,3648,-3568,-9,19,0,-15784,3416,-3368,-14,0,-14,118,124,standing
43,-5328,-9592,11684,45,-7,-288,-15984,1576,-2856,-180,-18,-171,-16208,2880,-1024,-57,-15,9,-10248,6696,11384,11,-10,-24,-15888,3560,-3728,-17,15,-6,-15776,3264,-3512,-7,5,-6,119,125,standing
44,-5288,-9508,11680,6,-28,-299,-15996,1480,-2908,-126,35,-164,-16008,2928,-864,-31,-19,-4,-10272,6888,11216,8,-7,-25,-15872,3744,-3608,-20,16,-5,-15768,3480,-3368,-6,2,-4,117,124,standing
45,-5240,-9540,11688,21,-3,-297,-16036,1460,-2912,98,10,-99,-15848,3112,-872,-30,-21,-5,-10440,6768,10952,12,-6,-29,-15976,3736,-3824,-18,6,3,-15688,3512,-3200,1,2,-2,117,125,standing
46,-5312,-9524,11728,17,-40,-255,-15928,1532,-2872,238,48,-106,-15864,3312,-728,-27,-26,9,-10152,6728,11312,11,-6,-24,-15880,3576,-3592,5,1,0,-15728,3336,-3280,9,3,-6,119,125,standing
47,-5300,-9576,11668,11,-7,-276,-15956,1600,-2856,183,50,-123,-16032,2912,-720,-34,-22,14,-10256,6744,11224,9,-6,-27,-15840,3688,-3416,4,0,2,-15704,3360,-3256,-2,-3,-6,119,124,standing
48,-5312,-9548,11720,3,58,-215,-16036,1520,-2912,157,73,-92,-16096,2872,-552,-40,-11,13,-10160,6648,11040,14,-11,-20,-15936,3696,-3568,13,-4,8,-15712,3280,-3224,4,-5,-11,117,125,standing
49,-5220,-9560,11728,8,46,-244,-16016,1500,-2776,203,70,-81,-16080,2888,-848,-1,-5,10,-10248,6808,11040,12,-4,-19,-15952,3624,-3240,11,-3,7,-15752,3256,-3080,21,-8,-7,116,125,standing
50,-5224,-9620,11744,23,44,-182,-16064,1392,-2944,297,70,-125,-15992,2960,-984,32,-18,9,-10424,6800,11288,13,0,-26,-15928,3648,-3384,10,-14,5,-15608,3224,-3440,51,-5,4,118,125,standing
51,-5280,-9612,11812,-8,97,-168,-16028,1488,-2964,315,47,-68,-16088,3056,-1200,44,-37,16,-10424,6640,11328,16,-2,-28,-16032,3584,-3752,28,-13,10,-15600,3480,-3264,63,-5,9,118,125,standing
52,-5332,-9604,11672,-127,164,-102,-16064,1560,-3224,289,31,-90,-16240,3096,-1192,60,-22,22,-10448,6776,11328,19,-4,-21,-15920,3496,-3416,41,-18,10,-15632,3376,-2976,67,-15,10,118,125,standing
53,-5308,-9504,11716,-126,137,-172,-15888,1584,-3184,204,-36,-85,-15872,3056,-1032,68,-12,25,-10328,6760,11304,12,-3,-24,-15888,3752,-3552,27,-20,14,-15592,3304,-3096,81,-11,3,121,126,standing
54,-5292,-9592,11700,-84,129,-216,-15868,1548,-3080,82,-3,-107,-15960,3272,-968,56,-13,29,-10408,6768,11264,17,-11,-24,-15896,3720,-3696,34,-25,16,-15536,3376,-3288,82,-3,1,117,126,standing
55,-5352,-9600,11708,-75,92,-246,-15972,1500,-2972,109,-12,-119,-15984,3104,-864,42,-13,21,-10248,6624,11424,17,-11,-22,-16008,3648,-3536,45,-27,15,-15632,3464,-3104,70,-4,3,119,126,standing
56,-5312,-9580,11864,-91,84,-218,-15972,1476,-2808,70,-27,-123,-16048,3104,-760,49,-8,8,-10176,6688,11168,13,-10,-21,-15888,3640,-3440,39,-25,20,-15688,3496,-3080,50,-7,3,118,126,standing
57,-5284,-9564,11712,-50,61,-221,-16016,1428,-2952,164,18,-97,-16072,3144,-912,26,-8,15,-10304,6760,11224,16,-13,-19,-15864,3776,-3632,29,-20,17,-15752,3472,-3040,58,-2,-6,119,126,standing
58,-5268,-9540,11676,-58,95,-206,-16016,1432,-3028,203,-46,-79,-16024,3040,-680,23,-1,20,-10408,6632,11200,16,-11,-23,-15808,3632,-3384,18,-22,12,-15840,3400,-3208,42,-10,-4,120,126,standing
59,-5312,-9472,11700,-116,112,-192,-15992,1564,-2916,102,25,-86,-16184,2960,-856,35,-11,26,-10256,6728,11352,12,-9,-23,-15904,3584,-3392,34,-14,12,-15824,3368,-3080,34,-12,-8,123,127,standing
60,-5240,-9588,11752,-120,129,-179,-15952,1548,-2900,88,1,-92,-16328,2752,-968,43,-26,26,-10256,6864,11456,13,-8,-28,-15992,3656,-3240,43,-16,14,-15888,3416,-2920,40,-10,-4,120,127,standing
61,-5256,-9624,11596,-69,110,-198,-16012,1336,-2996,180,20,-130,-16072,3072,-1072,34,-27,18,-10392,6696,11208,15,-4,-22,-15776,3816,-3496,30,-9,9,-15800,3304,-2928,61,-15,-2,118,127,standing
62,-5244,-9576,11668,-41,140,-108,-16060,1436,-2888,283,-11,-94,-16016,3440,-1016,36,-20,18,-10152,6632,11416,17,-1,-21,-15880,3536,-3296,17,-5,9,-15744,3424,-3048,56,-12,2,122,127,standing
63,-5316,-9580,11776,-81,141,-78,-16048,1520,-3104,370,-71,-109,-16072,3360,-1096,45,-15,19,-10272,6728,11216,10,-4,-22,-15904,3608,-3552,33,0,11,-15736,3256,-3120,55,-16,1,122,127,standing
64,-5232,-9480,11744,-152,193,-134,-15992,1636,-3200,61,-53,-123,-16000,3256,-1264,37,-3,17,-10400,6808,11496,10,-13,-20,-15928,3512,-3392,40,-2,12,-15696,3248,-2888,68,-23,-1,119,127,standing
65,-5288,-9504,11704,-202,243,-89,-15964,1484,-3088,-67,-99,-176,-15904,3224,-1296,6,-4,19,-10128,6712,11296,15,-12,-21,-15984,3664,-3808,33,-9,19,-15760,3384,-3208,74,-21,1,120,127,standing
66,-5272,-9484,11748,-153,169,-129,-15904,1512,-3152,-131,-90,-158,-15976,3064,-792,1,7,27,-10368,6616,11232,14,-4,-21,-15760,3608,-3848,7,-8,12,-15808,3664,-3376,66,-10,3,120,127,standing
67,-5316,-9592,11712,-149,100,-211,-15900,1428,-2968,-170,-121,-134,-16024,2960,-1136,7,-4,23,-10392,6712,11216,15,-10,-21,-15880,3616,-4024,4,-13,13,-15584,3552,-3272,27,-1,2,119,127,standing
68,-5316,-9628,11648,-123,98,-225,-15988,1376,-3020,-135,-113,-178,-16080,2984,-1128,5,-12,11,-10408,6712,11344,11,-6,-21,-15912,3632,-3472,18,-10,13,-15744,3280,-2944,5,-9,-9,124,128,standing
69,-5272,-9520,11804,-86,74,-252,-15960,1516,-2904,-104,-92,-91,-16056,2784,-784,25,-18,7,-10352,6728,11392,16,-10,-20,-15872,3800,-3424,0,-14,15,-15736,3552,-3096,9,-12,-11,120,128,standing
70,-5296,-9580,11728,-83,78,-241,-15976,1460,-2864,3,-92,-119,-15960,3200,-976,23,-22,6,-10224,6760,11376,13,-12,-23,-15888,3760,-3816,-6,-11,11,-15712,3536,-2872,16,-17,-7,122,128,standing
71,-5264,-9456,11684,-130,107,-213,-16040,1468,-2948,93,-82,-125,-16040,3208,-680,24,-22,19,-10264,6792,10976,10,-12,-23,-15824,3680,-3424,-5,-5,2,-15648,3608,-3168,8,-12,-3,121,128,standing
72,-5272,-9604,11652,-66,89,-214,-15928,1532,-2856,37,-36,-101,-16048,3064,-912,17,-20,19,-10392,6864,11384,14,-6,-24,-15848,3720,-3592,-5,-12,4,-15712,3424,-3048,5,-10,5,121,129,standing
73,-5288,-9504,11716,-90,97,-215,-15952,1436,-2908,21,-58,-93,-16064,2872,-1000,-7,-13,19,-10224,6720,11208,17,-2,-23,-15912,3656,-3656,2,-13,8,-15864,3312,-3136,13,-11,-5,122,129,standing
74,-5252,-9628,11760,-47,77,-204,-16060,1272,-2944,215,-106,-88,-15800,3040,-1040,-14,-4,15,-10232,6744,11144,12,-5,-24,-15664,3512,-3648,2,-11,9,-15776,3304,-2960,24,-16,-1,122,129,standing
75,-5252,-9588,11816,72,50,-146,-16120,1596,-2968,344,-218,-227,-15936,3264,-984,9,15,30,-10328,6768,11224,14,-3,-20,-15856,3664,-3184,12,-11,11,-15840,3440,-2968,42,-14,3,119,129,standing
76,-5336,-9548,11676,-8,83,-114,-15944,1588,-3228,16,-259,-230,-16160,3304,-984,-2,44,42,-10240,6928,11272,18,0,-22,-15888,3672,-3512,-3,-4,5,-15832,3384,-2960,37,-14,14,128,129,standing
77,-5284,-9476,11752,-66,124,-208,-15984,1552,-3048,-311,-246,-268,-16128,3072,-1432,-28,36,45,-10304,6840,11216,14,-1,-25,-15752,3664,-3432,1,-2,-2,-15768,3504,-3040,25,-17,11,122,129,standing
78,-5356,-9560,11568,-83,93,-179,-15964,1248,-3004,-232,-321,-315,-15712,3104,-1728,-22,48,35,-10312,6800,11248,14,0,-20,-15912,3544,-3320,-4,2,1,-15728,3440,-3024,12,-28,8,122,129,standing
79,-5284,-9484,11764,-49,41,-220,-15928,1348,-2952,-165,-320,-184,-15872,3008,-1168,5,32,41,-10192,6616,11408,12,1,-27,-15864,3680,-3336,-20,2,2,-15584,3320,-3024,18,-26,6,121,130,standing
80,-5312,-9592,11736,-24,47,-308,-15928,1312,-2768,-161,-286,-193,-16064,2784,-968,22,12,38,-10304,6712,11216,12,-2,-22,-15872,3488,-3680,-24,8,2,-15648,3376,-3256,7,-19,8,122,130,standing
81,-5256,-9584,11804,-6,-39,-306,-15872,1396,-2600,-142,-250,-182,-16080,2744,-648,32,5,38,-10256,6720,11192,16,-2,-19,-15952,3608,-3368,-20,-2,7,-15688,3376,-3032,-11,-11,9,122,130,standing
82,-5252,-9592,11780,55,-38,-332,-15908,1332,-2672,-74,-129,-151,-16096,2856,-824,37,-5,26,-10320,6616,11272,12,-13,-24,-15992,3536,-3632,-10,1,5,-15736,3320,-3200,-8,-15,8,124,130,standing
83,-5160,-9488,11716,68,0,-330,-16008,1416,-2660,141,-87,-22,-16208,2912,-600,42,-23,27,-10560,6728,11056,16,-8,-20,-15880,3496,-3528,-1,2,9,-15704,3248,-2968,2,-18,-2,123,130,standing
84,-5196,-9544,11784,27,-22,-275,-16040,1468,-2832,282,-59,-19,-16120,3168,-680,69,-16,17,-10304,6696,11048,16,-5,-22,-15872,3592,-3400,-6,-2,10,-15800,3200,-3072,-3,-22,-1,122,130,standing
85,-5212,-9488,11784,22,47,-256,-16048,1452,-2844,262,-9,-12,-16112,2992,-920,23,-5,13,-10232,6704,11272,16,-10,-18,-15840,3632,-3464,-6,0,7,-15864,3528,-2624,-2,-20,-5,124,131,standing
86,-5276,-9568,11788,-22,59,-216,-16044,1328,-2896,195,36,-23,-16056,3200,-1176,-42,0,27,-10312,6864,11216,15,-1,-20,-15848,3720,-3544,-12,1,8,-15696,3304,-2968,2,-22,4,123,131,standing
87,-5188,-9620,11648,-4,44,-211,-16100,1264,-2908,238,69,-51,-15984,3184,-1032,-49,1,27,-10408,6776,11328,12,-5,-18,-16032,3584,-3528,3,8,13,-15696,3352,-2976,11,-26,12,123,131,standing
88,-5192,-9708,11712,59,61,-135,-16176,1316,-2912,483,-10,-38,-16176,3080,-976,-50,15,26,-10344,6896,11352,16,-5,-21,-15976,3752,-3544,3,6,13,-15712,3232,-3200,36,-17,15,124,131,standing
89,-5296,-9512,11708,2,161,-92,-16216,1248,-2844,486,-39,-27,-16160,2960,-1200,-38,33,40,-10344,6744,11192,16,-1,-22,-16072,3408,-3944,9,1,17,-15744,3248,-3000,58,-18,13,123,131,standing
90,-5168,-9524,11760,-40,104,-106,-15932,1488,-3028,-79,44,-74,-15880,2944,-1328,-32,29,45,-10192,6632,11384,19,-6,-25,-15944,3608,-3576,11,4,16,-15624,3304,-3000,57,-16,16,123,131,standing
91,-5260,-9484,11748,-39,138,-134,-15940,1328,-2968,-228,27,-140,-15872,3048,-1168,-12,19,48,-10240,6688,11288,18,-7,-22,-16024,3560,-3592,14,4,24,-15584,3416,-3168,46,-11,17,123,131,standing
92,-5204,-9528,11708,-26,85,-151,-15968,1292,-2944,-168,0,-82,-16032,2880,-1056,7,4,54,-10384,6648,11176,19,-7,-19,-15984,3536,-3480,2,-1,31,-15808,3504,-3384,32,-5,15,121,131,standing
93,-5196,-9536,11808,11,123,-128,-15968,1376,-2788,15,19,-22,-16232,2728,-856,20,-27,60,-10368,6616,11440,17,-8,-18,-16024,3456,-3472,13,-7,23,-15752,3208,-2992,28,5,11,123,131,standing
94,-5216,-9460,11764,-97,173,-126,-15968,1348,-2804,109,31,64,-16096,3040,-1024,46,-25,42,-10168,6744,11384,18,-6,-19,-15936,3584,-3584,12,-5,25,-15640,3328,-2936,14,6,11,123,131,standing
95,-5244,-9512,11776,-86,149,-136,-15956,1356,-2864,183,108,73,-15960,3096,-1120,55,-28,34,-10248,6856,11016,18,-10,-22,-15992,3576,-3720,6,-11,34,-15824,3272,-3032,5,6,10,124,131,standing
96,-5236,-9476,11748,-120,153,-153,-16008,1424,-3012,179,118,79,-15928,3288,-912,67,-27,29,-10312,6680,11168,21,-5,-13,-15888,3544,-3792,18,-10,34,-15616,3304,-3024,18,-1,10,123,131,standing
97,-5264,-9476,11756,-93,144,-148,-15924,1452,-2900,6,152,77,-16152,3200,-1192,61,-32,30,-10248,6712,11208,20,-6,-18,-15856,3696,-3720,6,-6,32,-15632,3432,-2936,26,1,13,121,131,standing
98,-5248,-9620,11648,-99,156,-97,-16060,1324,-2848,-7,152,76,-16104,3072,-1104,9,-38,37,-10328,6624,11168,22,-14,-12,-15880,3552,-3528,31,-9,33,-15688,3280,-2824,31,-2,5,123,131,standing
99,-5200,-9584,11872,-84,164,-34,-16120,1412,-2940,168,64,63,-16112,3344,-1272,-48,-40,25,-10376,6840,11272,22,-7,-17,-15800,3648,-3376,42,-9,39,-15712,3328,-2768,48,0,5,124,131,standing
100,-5328,-9436,11700,-120,226,-60,-16020,1460,-3228,29,102,68,-15928,3368,-976,-41,-32,26,-10424,6808,11272,21,-4,-11,-15880,3864,-3776,25,-10,36,-15904,3640,-2848,62,1,13,123,131,standing
101,-5252,-9416,11744,-139,196,-62,-15864,1452,-2952,-91,64,60,-15912,3072,-1144,-44,-16,28,-10400,6776,11304,23,-7,-18,-15896,3656,-3632,14,-4,34,-15704,3696,-2728,36,1,18,122,131,standing
102,-5212,-9476,11712,-190,203,-125,-15920,1520,-2876,-161,62,19,-15896,3128,-1184,-38,-20,31,-10248,6744,11352,18,-12,-13,-15888,3680,-3528,14,-1,26,-15704,3552,-2968,-5,-3,18,125,131,standing
103,-5332,-9452,11744,-184,193,-156,-15940,1432,-2896,-270,75,23,-15928,3064,-904,-35,-33,17,-10232,6848,11256,23,-6,-17,-15944,3832,-3496,-11,13,28,-15672,3424,-2904,-12,-11,10,123,131,standing
104,-5204,-9440,11744,-130,170,-174,-15944,1380,-2876,-170,63,113,-16032,2968,-1240,-30,-53,16,-10288,6872,11344,21,3,-15,-16040,3584,-3472,-33,6,31,-15808,3496,-3088,-2,-7,7,122,131,standing
105,-5260,-9524,11780,-148,134,-148,-15984,1428,-2908,37,4,95,-16160,3160,-920,-12,-53,28,-10296,6712,11240,23,-9,-16,-15992,3624,-3752,-22,7,26,-15584,3608,-3224,-6,-4,12,124,131,standing
106,-5208,-9500,11752,-147,200,-110,-16080,1516,-2976,-11,12,137,-16104,3144,-1096,13,-49,26,-10392,6832,11112,21,-9,-13,-16064,3504,-3480,2,-3,32,-15464,3368,-3136,-9,-7,16,123,131,standing
107,-5388,-9516,11760,-192,224,-106,-15928,1420,-3036,-93,15,70,-16032,2976,-1256,8,-55,28,-10288,6928,11368,18,-3,-19,-15712,3680,-3448,12,-9,36,-15616,3376,-3352,-10,1,17,123,132,standing
108,-5264,-9548,11744,-166,203,-146,-15840,1448,-2992,-187,-13,107,-15912,3104,-1080,-8,-58,22,-10360,6760,10992,23,-13,-18,-16056,3688,-3432,-8,-2,33,-15696,3360,-2976,-7,-15,11,124,132,standing
109,-5276,-9520,11700,-137,143,-209,-15924,1428,-3016,-151,-37,121,-15632,3288,-1160,15,-50,12,-10288,6800,11256,20,-7,-13,-15984,3520,-3680,-13,0,32,-15704,3408,-2848,-9,-12,14,126,131,standing
110,-5276,-9532,11716,-100,135,-194,-15944,1396,-2972,-99,-66,136,-15928,3304,-680,7,-31,21,-10400,6776,11288,16,-2,-11,-15848,3576,-3448,-5,-6,40,-15736,3328,-2880,11,-17,15,123,132,standing
111,-5308,-9556,11660,-171,174,-131,-16068,1516,-2848,-235,-58,126,-16256,3272,-968,-38,-45,27,-10256,6856,11336,19,-8,-13,-15840,3648,-3624,9,1,37,-15824,3472,-3024,23,-15,20,123,131,standing
112,-5312,-9536,11820,-184,197,-121,-16008,1508,-2956,-240,-21,128,-16008,3072,-1080,-45,-48,25,-10176,6776,11216,21,-7,-13,-15992,3824,-3328,-2,-3,39,-15784,3512,-3000,14,-20,17,123,132,standing
113,-5232,-9556,11700,-181,186,-156,-15912,1412,-2892,-239,34,123,-15832,3032,-1080,-15,-48,21,-10248,6808,11288,15,-3,-18,-15808,3680,-3448,-16,-1,36,-15720,3488,-2936,0,-19,28,123,131,standing
114,-5364,-9488,11656,-138,190,-158,-15920,1384,-2764,-91,-21,179,-16016,2864,-624,1,-72,20,-10128,6728,11144,17,-6,-16,-15904,3648,-3584,-6,-7,32,-15744,3424,-2928,2,-13,26,123,131,standing
115,-5276,-9584,11728,-152,188,-150,-16084,1480,-2872,77,-24,215,-16224,2944,-1024,15,-73,21,-10288,6712,11264,16,-12,-14,-15832,3632,-3720,11,-4,44,-15680,3528,-3048,16,-18,20,124,131,standing
116,-5320,-9476,11636,-146,230,-150,-15920,1508,-3004,85,41,241,-16056,3184,-976,35,-72,18,-10232,6824,11112,19,-4,-13,-15896,3800,-3320,11,-9,44,-15776,3560,-2968,20,-27,11,125,131,standing
117,-5348,-9480,11860,-202,167,-177,-15840,1596,-2916,26,79,241,-15840,3288,-776,29,-76,15,-10184,6752,11264,15,-15,-16,-15904,3528,-3592,-6,-4,43,-15736,3552,-3248,9,-22,18,125,131,standing
118,-5276,-9500,11736,-176,180,-178,-15972,1548,-2860,-45,13,187,-16072,3488,-584,11,-86,22,-10208,6824,11344,21,-6,-14,-15968,3824,-3640,-10,-8,43,-15776,3568,-3072,7,-11,26,122,132,standing
119,-5308,-9532,11720,-212,171,-172,-15980,1600,-2852,-139,83,205,-16184,3184,-840,-29,-83,18,-10312,6688,11264,23,-8,-14,-15904,3880,-3544,-17,-8,36,-15664,3584,-3032,14,-6,32,123,131,standing
120,-5304,-9600,11664,-187,137,-200,-15992,1436,-2912,-46,54,238,-16016,3304,-872,-36,-75,7,-10360,6632,11432,19,-5,-13,-15776,3728,-3616,-2,-10,43,-15704,3376,-2992,13,-11,24,122,131,standing
121,-5336,-9496,11760,-216,184,-183,-15936,1544,-2988,11,52,273,-16008,3232,-800,-48,-80,1,-10328,6800,11168,19,-9,-15,-15904,3744,-3360,7,-17,47,-15712,3472,-2960,14,-18,24,124,131,standing
122,-5300,-9548,11748,-225,185,-206,-16036,1576,-2940,37,51,246,-15976,3160,-688,-61,-71,8,-10312,6736,11272,20,-9,-18,-15832,3680,-3256,-3,-16,42,-15760,3608,-2976,19,-17,21,125,131,standing
123,-5208,-9588,11784,-164,144,-155,-15984,1636,-2960,2,10,246,-16152,3112,-712,-62,-70,14,-10352,6904,11144,22,-2,-13,-15928,3928,-3424,4,-9,38,-15592,3632,-2680,15,-19,21,125,131,standing
124,-5296,-9544,11668,-227,155,-156,-16040,1592,-2944,28,60,271,-16176,3008,-856,-50,-73,11,-10240,6872,11408,18,-11,-17,-15936,3824,-3344,3,-6,39,-15624,3552,-2752,23,-19,28,122,131,standing
125,-5316,-9596,11748,-178,187,-137,-16040,1632,-2964,83,-35,305,-15968,2976,-904,-12,-70,10,-10328,6776,11392,18,-7,-13,-15888,3920,-3632,-3,-12,39,-15784,3720,-2736,29,-19,27,122,132,standing
126,-5364,-9460,11744,-319,277,-73,-16008,1512,-2928,287,-29,507,-16024,3104,-704,8,-69,12,-10216,6704,11304,21,-4,-17,-15976,3664,-3592,-9,-10,39,-15672,3448,-2840,29,-18,23,125,131,standing
127,-5356,-9612,11528,-342,179,-166,-15832,1560,-3060,400,-92,387,-15984,3056,-496,23,-60,14,-10272,6760,11392,24,-7,-17,-15936,3648,-3560,20,-15,44,-15544,3560,-2704,36,-16,17,127,131,standing
128,-5316,-9544,11888,-314,121,-103,-16272,1652,-2772,48,-278,294,-16248,3136,-608,29,-79,19,-10184,6896,11064,22,-9,-17,-15840,3960,-3368,40,-12,45,-15704,3552,-2808,48,-9,14,125,131,standing
129,-5352,-9480,11756,-280,31,-119,-16224,1548,-2516,-52,-536,170,-16536,2896,-848,14,-75,20,-10168,6808,11168,17,-12,-14,-15768,3888,-3136,22,-10,42,-15728,3832,-2520,50,-11,18,123,131,standing
130,-5416,-9684,11616,-240,-90,-167,-15496,1532,-3020,385,-470,105,-15576,3224,-712,2,-63,27,-10216,6832,11200,19,-5,-15,-15856,3840,-3320,-4,0,37,-15688,3760,-2616,20,-10,22,125,131,standing
131,-5264,-9480,11636,-158,-33,-242,-15808,1852,-2884,359,-159,245,-16096,3384,-192,-10,-82,-15,-10216,6896,11176,20,-8,-16,-15776,3832,-3496,-27,-2,32,-15696,3752,-2592,-11,-3,24,127,131,standing
132,-5200,-9616,11644,-153,59,-173,-16064,1892,-2816,220,56,200,-16376,3008,-280,-29,-59,9,-10376,6824,11304,20,-8,-11,-15856,3648,-3680,-14,-2,37,-15584,3576,-2984,-8,-6,23,125,131,standing
133,-5268,-9592,11608,-245,121,-103,-16160,1800,-2824,105,185,243,-16520,3096,-520,-30,-51,17,-10352,6712,11288,21,-3,-14,-15824,3696,-3416,-9,-7,33,-15728,3528,-3040,17,-8,0,123,132,standing
134,-5320,-9536,11616,-271,207,-78,-15924,1752,-3136,237,174,195,-16368,3120,-504,-26,-45,17,-10288,6832,11000,22,-7,-21,-15936,3816,-3360,15,-9,40,-15704,3632,-2864,28,-7,9,124,131,standing
135,-5344,-9440,11688,-194,235,-149,-15924,1848,-3056,113,122,157,-15904,3560,-944,-45,-31,7,-10248,6864,11344,18,-5,-21,-15856,4008,-3552,11,-11,30,-15712,3520,-2808,24,-4,28,120,131,standing
136,-5324,-9588,11668,-184,177,-92,-15984,1816,-3068,-104,-95,-9,-15952,3352,-464,-41,-13,26,-10272,6768,11184,18,-7,-19,-15936,3888,-3544,22,-12,30,-15624,3704,-2808,25,-2,26,125,131,standing
137,-5348,-9628,11544,-156,139,-145,-15832,1768,-2984,-49,-101,-25,-16104,3136,-1120,-16,5,27,-10272,6784,11328,20,-6,-17,-15808,3992,-3424,5,-10,29,-15680,3768,-2712,26,-5,9,123,131,standing
138,-5364,-9592,11712,-78,133,-179,-15884,1712,-3044,55,-79,12,-16040,3080,-808,8,-4,16,-10424,6784,11056,18,-8,-16,-15896,3832,-3464,-11,-3,27,-15720,3760,-2680,13,-9,-3,123,132,standing
139,-5284,-9568,11712,-83,176,-211,-15964,1892,-3044,72,-32,25,-15952,3008,-200,37,-23,27,-10408,6920,11192,17,-6,-19,-15896,3920,-3520,-1,0,22,-15648,3632,-2536,12,-5,7,125,131,standing
140,-5360,-9604,11836,-88,157,-165,-16068,1948,-2892,-215,-8,-21,-16136,3184,-176,77,-26,45,-10264,6872,11176,15,-8,-19,-15816,3744,-3496,23,-2,29,-15712,3568,-2824,22,-2,14,126,132,standing
141,-5272,-9612,11736,-137,197,-175,-15856,1760,-2820,-362,-70,-130,-16224,2992,-136,56,-33,42,-10216,6904,11232,17,-8,-15,-15848,4112,-3552,25,1,24,-15816,3752,-2608,32,1,12,122,132,standing
142,-5276,-9672,11652,-134,92,-147,-15948,1504,-2792,-135,-51,-35,-15872,3136,-512,17,-25,21,-10288,6864,11272,15,-3,-24,-15888,4040,-3376,-10,-5,20,-15760,3728,-2904,26,7,1,123,132,standing
143,-5332,-9564,11660,-75,123,-149,-16004,1704,-2872,186,-13,16,-15952,3392,-560,-2,-21,5,-10344,6784,11136,14,-7,-20,-15832,3808,-3632,-8,-3,19,-15568,3720,-2904,6,-2,-2,126,132,standing
144,-5296,-9572,11720,-86,180,-180,-15920,1824,-2796,219,64,13,-16016,3456,-192,-12,-14,12,-10160,6848,11184,14,-10,-18,-15928,3640,-3344,11,-5,18,-15648,3520,-2960,-6,-2,-9,122,132,standing
145,-5316,-9544,11648,-134,248,-89,-16036,2024,-2832,-62,124,-34,-16152,3184,-280,-27,-21,30,-10368,6936,11280,15,-6,-20,-15912,4016,-3520,31,-13,31,-15648,3568,-2712,16,2,-2,125,132,standing
146,-5336,-9504,11680,-187,274,-123,-15924,1936,-2960,-259,146,-105,-16232,3216,-352,-26,-23,32,-10256,6712,11120,18,-3,-21,-15888,3912,-3384,17,-9,24,-15880,3648,-2656,50,6,6,123,132,standing
147,-5272,-9560,11532,-118,267,-133,-15900,1664,-2960,-194,218,-85,-15928,3096,-712,-45,-20,10,-10232,6808,11416,16,-11,-20,-15784,3832,-3648,4,-6,18,-15800,3784,-2640,36,11,13,125,132,standing
148,-5392,-9620,11564,-104,220,-157,-15916,1536,-3000,-169,181,-72,-15904,3216,-608,-23,-19,12,-10232,6872,11104,15,-5,-24,-15936,3920,-3560,9,-2,19,-15696,3728,-2672,9,9,7,124,131,standing
149,-5332,-9552,11704,-20,198,-158,-15944,1888,-3004,-28,234,-84,-16072,2960,-184,0,-24,30,-10304,6872,11144,13,-7,-21,-15840,4024,-3648,-3,1,14,-15632,3728,-2608,2,6,-1,122,132,standing
150,-5324,-9540,11672,-31,169,-184,-15960,1912,-3080,-167,280,-129,-16176,2888,-440,22,-19,36,-10352,6760,11304,14,-2,-24,-15984,3840,-3480,-6,8,16,-15744,3608,-2672,5,4,-5,124,132,standing
151,-5288,-9552,11580,-60,214,-176,-15940,1752,-2888,-228,289,-131,-16088,3144,-688,39,-15,34,-10224,6880,11168,13,-5,-19,-15904,3968,-3520,8,7,10,-15672,3552,-2592,3,6,-1,123,131,standing
152,-5308,-9552,11568,-100,219,-202,-16012,1660,-2948,-131,274,-106,-15920,3376,-640,41,-14,27,-10280,6832,11336,12,-6,-24,-15888,3800,-3560,17,4,15,-15648,3616,-2472,12,6,2,126,131,standing
153,-5368,-9612,11692,-91,239,-213,-15968,1784,-2968,-33,195,-114,-16096,3352,-472,19,-19,26,-10288,6968,11016,17,-2,-24,-15920,3896,-3552,8,4,13,-15800,3608,-3056,29,8,0,124,132,standing
154,-5308,-9580,11756,-94,202,-201,-15904,1824,-2968,-140,202,-97,-16032,3152,-352,-2,-21,27,-10176,6792,11288,12,-4,-26,-15984,3960,-3696,5,0,13,-15672,3736,-2864,18,10,-6,122,132,standing
155,-5364,-9584,11676,-104,150,-229,-15960,1724,-2984,-224,152,-108,-15912,3200,-776,-30,-15,17,-10224,6808,11320,14,-3,-22,-15832,3896,-3528,-8,11,7,-15704,3608,-2848,0,9,-4,125,132,standing
156,-5368,-9596,11664,-56,116,-268,-15904,1616,-3036,-174,171,-90,-15928,3000,-720,-48,-5,20,-10264,6960,11136,11,-7,-24,-15688,3984,-3360,-16,11,10,-15696,3512,-3040,-14,11,-1,123,132,standing
157,-5316,-9668,11588,37,61,-243,-15964,1680,-3156,6,98,-125,-16032,3304,-672,-49,7,26,-10328,6856,11088,15,-7,-22,-15792,3728,-3520,-15,7,13,-15696,3552,-3056,-7,5,-3,126,132,standing
158,-5344,-9652,11748,-41,128,-168,-16104,1704,-3132,2,68,-140,-16176,2960,-512,-33,-5,29,-10176,6968,11192,17,-11,-21,-15800,3840,-3712,9,12,12,-15672,3496,-2864,16,10,-1,124,132,standing
159,-5328,-9600,11648,-100,178,-162,-16092,1784,-3100,-99,78,-107,-16128,3168,-904,-30,-16,29,-10312,6808,11128,16,1,-23,-15944,3736,-3448,27,0,19,-15864,3408,-2960,38,5,-8,123,132,standing
160,-5396,-9540,11672,-184,248,-114,-15932,1756,-3108,-188,65,-79,-16128,3248,-904,-14,-27,26,-10296,6872,11312,22,-3,-24,-15824,3768,-3552,42,-4,21,-15760,3568,-3040,62,2,-3,123,132,standing
161,-5400,-9560,11708,-140,248,-118,-15908,1816,-3220,-260,46,-85,-15880,3232,-464,9,-7,23,-10328,6800,11232,16,-4,-23,-15912,4000,-3464,25,-9,17,-15688,3720,-3000,53,13,6,126,132,standing
162,-5452,-9544,11600,-133,203,-159,-15872,1740,-2868,-210,-14,-63,-15848,3184,-584,12,-7,20,-10240,6744,11272,16,-10,-21,-15744,3936,-3368,2,-1,15,-15672,3832,-2696,13,18,14,126,131,standing
163,-5388,-9572,11640,-83,137,-186,-15884,1616,-3028,-118,-46,-120,-16128,3032,-512,-13,1,25,-10192,6920,11440,17,-6,-22,-16056,3952,-3432,1,1,18,-15808,3616,-2864,-5,9,5,123,131,standing
164,-5384,-9552,11628,-95,94,-167,-15912,1648,-3044,-138,-21,-90,-15984,2984,-848,1,-18,24,-10280,6752,11456,18,-9,-19,-15808,3760,-3432,15,3,18,-15704,3552,-2848,-3,13,6,123,131,standing
165,-5340,-9632,11648,-59,139,-204,-16000,1688,-2952,74,13,-19,-16152,3040,-528,15,-31,25,-10272,6896,11448,17,-6,-15,-15920,3840,-3400,16,-6,22,-15688,3504,-2992,25,2,-16,125,132,standing
166,-5316,-9532,11724,-135,146,-193,-16044,1848,-3088,86,-4,-6,-16032,3240,-568,34,-26,27,-10240,6712,11248,15,-5,-21,-15920,3832,-3584,17,-10,22,-15800,3552,-3144,24,13,-9,121,132,standing
167,-5328,-9456,11760,-139,176,-164,-15896,1860,-3100,-108,54,-36,-16024,3256,-360,24,-30,22,-10288,6808,11080,19,-12,-14,-15816,3984,-3576,6,-12,20,-15640,3744,-2912,11,13,3,125,131,standing
168,-5368,-9552,11632,-113,158,-159,-15952,1720,-3084,-159,34,-77,-16024,3448,-688,2,-13,16,-10160,6768,11088,22,-10,-17,-15912,3808,-3608,3,-8,13,-15624,3704,-2704,16,15,6,122,131,standing
169,-5364,-9532,11632,-150,153,-176,-15936,1672,-3112,-33,2,-41,-15912,3360,-456,-19,-7,18,-10272,6952,10960,19,-6,-17,-15904,3864,-3672,19,-11,22,-15624,3856,-3016,32,12,1,124,131,standing
170,-5380,-9560,11700,-112,157,-173,-15884,1772,-3004,-46,21,-25,-16088,3072,-528,-39,-17,22,-10304,6752,11168,17,-10,-21,-15864,3776,-3616,27,-10,19,-15800,3560,-2736,44,9,-8,124,131,standing
171,-5312,-9568,11676,-69,131,-195,-16012,1784,-3008,-142,-6,-80,-16000,3112,-736,-39,-1,19,-10288,6856,11272,15,-7,-15,-15680,3960,-3328,40,-8,21,-15632,3560,-2864,34,3,-11,124,131,standing
172,-5308,-9488,11628,-130,144,-180,-15928,1776,-3044,-91,14,-93,-15904,3280,-504,-19,-2,19,-10104,6840,11168,15,-10,-17,-15904,3992,-3648,24,-3,19,-15800,3768,-2656,32,5,-1,123,131,standing
173,-5376,-9512,11700,-139,152,-202,-15908,1772,-3008,-88,-27,-99,-15984,3120,-600,-4,0,21,-10240,6840,11448,15,-14,-17,-15704,3992,-3656,2,1,10,-15824,3760,-2448,24,4,10,126,131,standing
174,-5364,-9552,11620,-53,108,-221,-15800,1780,-3060,-26,-23,-115,-16136,3032,-512,3,-10,16,-10384,6752,11320,13,-9,-20,-15928,3800,-3424,2,9,9,-15744,3856,-2752,10,7,1,122,131,standing
175,-5412,-9588,11636,-70,68,-216,-15972,1748,-3048,-20,-36,-76,-16016,3192,-512,9,-21,19,-10344,6768,11280,16,-12,-25,-15912,3912,-3760,12,6,15,-15704,3560,-3056,7,10,-2,126,131,standing
176,-5332,-9584,11768,-53,110,-224,-15984,1696,-3156,3,-58,-48,-16032,3280,-472,16,-14,23,-10208,6840,11096,17,0,-22,-15880,3920,-3456,16,4,18,-15616,3496,-2912,26,7,-10,127,132,standing
177,-5352,-9560,11676,-79,133,-223,-16060,1812,-3004,-80,-4,-111,-16256,3136,-400,15,-18,35,-10184,6848,11096,13,-1,-17,-15968,3952,-3680,6,5,14,-15840,3656,-2944,37,5,-4,123,131,standing
178,-5360,-9548,11616,-126,122,-187,-15936,1820,-2896,-212,-3,-110,-16088,3152,-232,-11,-14,30,-10312,6896,11408,13,-7,-22,-15848,3960,-3560,9,5,10,-15736,3832,-2992,23,15,-4,122,131,standing
179,-5372,-9664,11724,-135,145,-177,-15908,1672,-3028,-158,37,-149,-16024,3072,-696,-29,-4,12,-10312,6736,11208,15,1,-28,-15912,3680,-3544,35,3,11,-15816,3392,-2744,21,11,-6,125,131,standing
180,-5396,-9520,11620,-126,153,-129,-15984,1624,-3044,-35,83,-91,-16136,3176,-648,-36,-1,7,-10136,6712,11224,15,-9,-25,-15832,3856,-3568,36,7,14,-15800,3576,-2848,33,3,-8,124,131,standing
181,-5352,-9540,11648,-80,154,-209,-15844,1724,-2948,40,64,-46,-15984,3288,-536,-27,-1,3,-10176,6744,11080,14,-3,-23,-15680,4048,-3320,10,11,10,-15672,3600,-2960,34,2,-14,121,131,standing
182,-5244,-9548,11772,-93,125,-188,-15924,1912,-3028,-12,73,-74,-16080,2984,-800,-33,0,16,-10320,6784,11056,16,-6,-20,-15912,3776,-3744,-3,12,9,-15664,3648,-2744,12,11,-6,124,131,standing
183,-5436,-9544,11684,-111,121,-176,-15980,1804,-2872,-53,34,-52,-16136,2856,-896,-34,5,23,-10216,6840,11192,12,-4,-24,-15872,3744,-3736,-7,20,4,-15688,3672,-3000,1,12,-1,123,131,standing
184,-5420,-9564,11724,-104,164,-167,-15912,1592,-3120,-133,61,-99,-15976,3040,-784,2,-1,26,-10376,6720,11296,12,-1,-24,-15848,3880,-3744,7,10,12,-15576,3536,-3072,11,8,-2,125,131,standing
185,-5404,-9556,11676,-103,92,-193,-15920,1644,-3012,8,6,-102,-16072,3152,-352,13,-14,30,-10256,6776,11176,12,-3,-24,-15936,3872,-3608,21,14,8,-15712,3472,-2960,22,1,-5,124,131,standing
186,-5292,-9616,11548,-78,110,-177,-15928,1824,-2932,5,28,-70,-16104,3032,-424,24,-25,20,-10312,6840,11040,15,1,-27,-15896,3992,-3696,8,16,7,-15720,3672,-2800,23,1,0,123,131,standing
187,-5432,-9544,11668,-104,148,-145,-15968,1716,-3056,-22,23,-50,-16136,3056,-840,-3,-21,16,-10304,6728,11432,16,7,-28,-15832,3808,-3752,5,18,8,-15696,3608,-3320,35,-3,2,122,131,standing
188,-5364,-9548,11688,-133,137,-123,-15972,1664,-3204,112,13,-62,-15856,3288,-464,16,-10,10,-10512,6808,11304,14,-3,-23,-15864,3904,-3888,-2,13,10,-15544,3600,-3208,31,4,-4,124,131,standing
189,-5444,-9516,11708,-67,96,-167,-15816,1740,-3180,190,39,-21,-15976,3272,-600,8,3,16,-10328,6872,11200,11,-8,-24,-15840,3664,-3568,7,9,4,-15600,3648,-3040,15,8,-5,124,131,standing
190,-5432,-9460,11652,-39,104,-210,-15884,1832,-2964,81,43,-90,-15824,3216,-392,-3,7,18,-10320,6848,11256,13,-8,-22,-15896,3888,-3512,23,2,12,-15712,3512,-2968,9,3,5,123,131,standing
191,-5276,-9532,11624,-38,62,-217,-15960,1848,-3064,-8,11,-57,-16136,3016,-536,5,2,25,-10424,6840,11152,14,-9,-20,-15832,3920,-3856,30,6,15,-15704,3440,-2968,39,8,2,124,131,standing
192,-5388,-9600,11564,-26,92,-217,-15944,1660,-3112,-3,57,-77,-16112,3072,-624,-7,0,28,-10360,6896,11352,14,-5,-23,-15816,3936,-3752,22,-4,10,-15664,3672,-2968,48,6,-3,123,131,standing
193,-5368,-9588,11672,-2,81,-197,-15928,1604,-3144,84,30,-51,-16032,3184,-712,10,-12,26,-10368,6920,11416,13,-3,-18,-16008,3688,-3512,17,-1,12,-15744,3736,-2744,39,10,-1,124,131,standing
194,-5328,-9588,11708,11,92,-183,-15972,1680,-3020,197,20,-131,-16192,3120,-488,39,-10,26,-10152,6752,11208,16,-8,-20,-15848,3808,-3624,26,3,11,-15680,3744,-2944,23,7,-2,123,131,standing
195,-5372,-9592,11680,-18,85,-199,-15980,1792,-3216,109,52,-85,-16208,3128,-528,43,-14,25,-10288,6752,11032,13,-10,-24,-15744,3816,-3712,10,5,5,-15720,3744,-2976,13,12,-3,124,132,standing
196,-5328,-9568,11680,-50,80,-175,-15936,1696,-3080,12,50,-73,-15920,3272,-744,36,-10,22,-10208,6864,11192,13,-14,-18,-15760,3960,-3704,8,8,4,-15936,3744,-3520,55,-16,-3,124,134,standing
197,-5440,-9596,11736,-44,78,-204,-16172,1620,-3268,-69,28,-29,-15904,3240,-512,20,-4,28,-10288,6920,10792,0,-21,-24,-15520,4064,-3200,-7,22,-10,-16168,5240,-5360,431,-105,14,124,125,standing
198,-5316,-9624,11788,75,-71,179,-17384,1632,-1948,-1151,-902,-96,-16008,3176,-32,24,-7,35,-10072,6840,11544,2,-27,-31,-15672,3512,-4296,-63,34,1,-18264,4720,-3952,669,-260,9,124,124,standing
199,-5792,-10280,11540,-661,20,128,-15376,428,-1900,-539,-1239,-716,-16152,2624,592,-61,-14,18,-10424,6824,11424,49,-13,-74,-16560,3512,-2728,62,-3,136,-18872,5160,-672,457,-682,-10,124,126,standing
200,-6204,-10612,12204,-1895,-547,-606,-15260,760,-2352,-478,1098,661,-16120,1624,2008,-81,-100,-67,-10488,6256,11568,66,-48,-26,-15504,4520,-2024,-7,-17,46,-15016,2336,-1888,205,-756,-91,124,126,going_down
201,-5592,-10004,11852,-2477,-315,-236,-15588,1156,-1636,-458,3092,1075,-16200,1056,3632,-28,-223,-199,-10408,7552,10920,81,-58,-1,-14832,4968,-2624,-235,101,5,-13488,728,-320,-156,-986,-186,125,134,going_down
202,-5328,-10188,11564,-2557,345,441,-15792,1864,-456,-567,4302,1130,-16840,976,4856,225,-345,-267,-10288,6424,11528,59,-65,-12,-14120,3184,-4520,-418,200,-89,-12864,920,-440,-81,-1026,-130,124,122,going_down
203,-5616,-10520,11820,-3179,729,1273,-17064,2372,-964,-1609,5685,982,-17832,1184,4816,369,-496,-174,-10584,6672,11120,42,-56,16,-16760,2840,-4824,-183,169,-42,-15440,3056,-2968,357,-570,-241,125,128,going_down
204,-7480,-7448,10660,-6130,-132,3202,-17896,1564,-1428,-2351,7164,904,-18504,1432,4216,299,-627,-183,-10136,7024,11488,57,-63,1,-17448,3368,-4496,36,114,-17,-16504,5584,-2824,216,-413,-172,124,128,going_down
205,-7300,-9428,10164,-11339,-2697,7189,-17888,-144,-2300,-1633,7905,1135,-18184,2752,4192,20,-838,-283,-10232,6872,11200,54,-92,-20,-15672,3992,-4296,114,82,-10,-15504,5032,-2064,-135,-201,-151,125,127,going_down
206,-5144,-13524,11864,-10023,-1404,9185,-17016,2512,-3416,-2308,7797,250,-17320,4312,3000,-264,-960,-361,-10136,6744,11192,53,-82,-22,-15736,4032,-3456,94,81,-23,-15904,2792,-1168,-380,-80,-139,124,131,going_down
207,-2296,-12384,11408,-9304,-660,8403,-16952,3340,-4452,-6641,8164,-924,-17040,4184,848,-427,-867,-338,-9968,7008,11104,5,-33,-20,-15856,4656,-3720,-8,114,-65,-16256,2128,-680,-227,-89,-85,124,132,going_down
208,-2044,-18088,9008,-5037,1835,3006,-16916,684,-2976,-8019,7505,-2429,-16680,3440,-1400,-512,-726,-325,-10016,6840,11080,-16,-15,-33,-15600,3808,-3864,-32,103,-81,-16024,2704,-208,-8,-91,-80,124,122,going_down
209,-2496,-14008,10112,-3407,-1378,2307,-16840,-1236,-2980,-5180,5410,-2701,-16376,3256,-2656,-465,-420,-345,-9912,7200,11384,-20,-19,-35,-16048,3552,-3272,156,117,-84,-16176,4024,-240,179,-106,-149,124,123,going_down
210,-1324,-12120,9504,-3841,-1764,1859,-15356,500,-3072,-945,2750,-1661,-15520,1976,-1960,-225,-226,-383,-10304,7216,11392,-32,-18,-57,-15560,4096,-3760,240,141,-76,-16232,4032,-128,199,-95,-153,123,132,going_down
211,-1160,-11336,9616,-3490,-2493,991,-14712,1996,-3288,-643,864,-1845,-15168,984,-944,24,-221,-385,-10112,6680,11088,-39,-10,-65,-15608,3888,-3904,219,150,-96,-15808,2304,-392,193,-68,-45,123,127,going_down
212,-1324,-10644,9064,-3255,-2473,486,-14144,2480,-3720,-908,-707,-2129,-14960,1192,-928,243,-276,-298,-9984,6680,11192,-36,-27,-59,-15792,3504,-3848,215,171,-124,-16040,2288,-648,351,-77,-95,123,131,going_down
213,-2408,-11388,9292,-3221,-2659,-635,-14180,2528,-4288,-1811,-2091,-2932,-14880,1960,-696,511,-304,-218,-10232,6968,11424,-38,-10,-57,-15904,3688,-4368,209,183,-116,-15648,3232,-1216,461,-42,-143,122,128,going_down
214,-3388,-10736,8604,-3145,-2809,-2227,-13908,2044,-4636,-2231,-3138,-3640,-14544,2880,48,566,-259,-132,-10328,6944,11224,-53,-15,-43,-15568,3376,-4472,221,187,-133,-15696,3112,-712,433,-4,-119,123,130,going_down
215,-4696,-10452,9540,-3627,-2580,-3068,-13640,1284,-4844,-1591,-3819,-3487,-14672,3296,344,415,-255,-64,-10120,6792,11456,-64,-34,-34,-15864,3008,-3968,338,199,-137,-15736,3160,-536,344,39,-108,123,130,going_down
216,-5168,-9564,9552,-3079,-3115,-3659,-13728,1452,-4908,-21,-4542,-2982,-14624,3312,880,286,-157,-79,-10072,6696,11256,-68,-34,-23,-15608,3688,-3840,407,224,-133,-16064,3512,-144,259,65,-101,122,129,going_down
217,-5428,-9332,9764,-3130,-2593,-3565,-13880,2264,-5276,765,-4972,-2663,-14720,3048,1256,94,-12,-148,-10144,6784,11520,-79,-46,-18,-15624,4136,-3872,288,249,-158,-15896,3472,48,206,118,-101,125,130,going_down
218,-5532,-8932,9572,-2300,-2359,-3595,-13968,2516,-5344,729,-4996,-2696,-14584,2264,1272,48,172,-199,-10104,6608,11480,-83,-41,-32,-15768,3640,-4056,144,277,-181,-15824,3216,448,111,159,-108,127,130,going_down
219,-5776,-8388,8936,-1994,-938,-2911,-13876,2568,-5312,448,-4892,-2718,-15128,1952,1768,-63,201,-177,-10136,6760,11448,-88,-43,-27,-15296,2776,-3888,202,318,-220,-15592,3160,1008,7,191,-85,123,131,going_down
220,-8476,-19108,12212,470,6581,2500,-13900,1904,-5180,824,-4673,-2996,-15168,1568,1680,-288,71,-220,-10152,6448,11496,-85,-67,-24,-15552,3296,-3360,308,394,-233,-15496,2552,2480,-118,261,-31,128,131,going_down
221,-18192,3200,12240,14123,-7645,4022,-14012,604,-12212,5681,-3170,-3404,-14432,2512,2096,-194,289,-144,-10008,6688,11816,-75,-64,-31,-15448,3904,-2376,399,506,-278,-15544,2552,4800,-149,339,48,122,132,going_down
222,-19404,8448,12116,18583,-4623,3376,-14928,1468,-14920,9281,1270,-1876,-17032,-184,5664,37,-46,-234,-9712,6960,11664,-69,-27,-78,-15448,4864,-1192,403,706,-377,-15672,2696,5192,-136,357,67,118,129,going_down
223,-2736,-7728,13144,13301,-2133,-87,-18656,7556,-2440,3629,2404,965,-19720,-608,-168,350,359,-289,-9720,7416,11608,-41,79,-143,-15288,5144,-608,210,956,-498,-16704,4352,6504,15,63,-44,130,127,going_down
224,-5556,-10880,12364,7684,-2493,-279,-16704,3720,-3000,839,1127,-2351,-18648,5808,-152,155,700,38,-9568,7536,12224,-5,188,-239,-15784,4400,-984,68,1247,-607,-16672,4152,6448,-160,-364,-119,120,128,going_down
225,-5520,-10532,11776,4152,-1581,-29,-16220,-540,-4152,305,1965,-3003,-15864,5264,3424,533,621,189,-9848,7872,12288,102,422,-382,-16976,2800,-2280,-43,1535,-625,-16176,2480,5472,-359,-752,-194,122,127,going_down
226,-5440,-9332,11872,2519,-1205,-388,-15296,-2680,-4316,4312,2020,-1012,-15112,1576,96,150,725,45,-10080,8520,12768,185,819,-559,-18216,1344,-5368,-16,1741,-514,-16880,240,4784,-406,-1019,-213,118,128,going_down
227,-5424,-9812,11556,2532,-1202,-437,-15664,-1324,-4252,7440,1222,-89,-15440,-56,-328,214,767,-227,-11848,6880,13368,373,1395,-839,-21392,696,-8408,182,1850,-339,-19800,-1536,5024,-207,-1438,-358,121,126,going_down
228,-5132,-9856,11888,1604,-1240,-810,-16508,708,-4960,5720,1376,-754,-16888,360,-1360,229,652,-236,-9616,9416,15200,494,1921,-1265,-25016,216,-8648,579,1990,-277,-22744,-1680,3968,189,-1847,-537,123,128,going_down
229,-4868,-9784,12064,1609,-1105,-449,-16592,1644,-4836,2645,1423,-1644,-17416,384,-1464,267,500,29,-10432,8856,15584,745,2810,-1828,-25864,1376,-7512,1194,1907,-211,-23752,-368,2344,318,-2099,-558,122,128,going_down
230,-4916,-9364,12132,914,-675,-342,-16092,376,-5020,264,1509,-1943,-17216,-368,-1960,393,277,174,-8456,10344,17032,685,3709,-3228,-25560,1328,-5848,1296,1907,-190,-23960,304,2472,236,-2067,-387,127,130,going_down
231,-4876,-8720,12256,374,-323,-316,-15400,-356,-4920,271,1237,-1839,-16288,904,-416,582,71,152,-17024,12488,14072,974,3808,-2983,-18376,3136,-8184,1209,1852,112,-22232,-272,2576,-80,-2288,-224,118,133,going_down
232,-4784,-9204,12268,10,-93,-242,-16080,-68,-4424,227,1217,-1433,-16488,2352,56,540,29,97,-16440,12624,14000,811,3605,-2935,-14720,3024,-12440,730,2006,-352,-19520,-1080,832,150,-2122,-160,121,132,going_down
233,-4880,-9132,12312,-252,18,-129,-15644,-676,-4324,449,1404,-1330,-15536,3296,1432,178,125,73,-25960,14000,7912,375,1968,-1041,-13848,5808,-9344,119,1666,-151,-18176,-1136,-424,932,-1937,-161,121,133,going_down
234,-4788,-9172,12216,-525,109,22,-15656,-192,-4152,249,1696,-1024,-15888,2160,944,-244,209,44,-1712,9608,16232,-71,957,-809,-12984,1424,-6208,-321,1195,10,-18112,1312,-2248,1277,-1711,-26,122,131,going_down
235,-4692,-9444,12036,-400,148,152,-15608,-292,-3960,-846,2063,-1075,-16312,-72,512,-501,252,4,-11296,5696,7288,-377,68,-810,-12944,-1480,-2976,8,539,110,-18288,3232,-4080,1236,-1542,64,126,131,going_down
236,-4920,-9628,11972,-136,106,325,-15952,-1336,-4596,-1629,2342,-1125,-16584,-1872,-584,-574,294,-23,2000,5920,10824,-20,155,-155,-10600,80,-2768,308,-55,188,-17408,5360,-2712,580,-1421,69,124,131,going_down
237,-4996,-9352,12160,170,75,351,-15452,-1708,-5016,-1212,2423,-475,-16528,-1920,-576,-414,276,9,2896,5512,8760,-281,129,-336,-8704,1864,-2312,21,-621,364,-14960,5680,-824,-59,-1244,74,123,129,going_down
238,-4936,-9168,12224,329,19,322,-15240,-776,-4708,-693,2567,-61,-15800,-376,712,-219,166,45,144,6856,7144,-761,384,-411,-9688,960,-3264,-311,-1123,579,-12672,4352,-200,-331,-1308,-140,123,128,going_down
239,-4804,-9172,12264,354,92,267,-15184,128,-4032,-1467,3198,33,-15752,-120,1600,-157,89,121,-5016,5472,7080,-1175,597,-309,-9584,1224,-3416,-345,-1208,583,-11256,3632,-264,-589,-977,-316,124,129,going_down
240,-4788,-9372,12068,468,144,322,-15160,-844,-3572,-1502,3878,224,-15472,-520,2072,-124,28,113,-3216,3304,8432,-929,625,25,-9864,1432,-5792,-551,-2068,421,-10832,3208,-200,-676,-789,-335,119,128,going_down
241,-4820,-9180,12188,637,231,338,-14844,-912,-3568,-758,4655,584,-15264,-16,3152,-174,-42,10,-2832,2424,5016,-456,770,254,-10016,1432,-5680,-502,-2464,484,-11208,3408,-144,-829,-557,-231,126,129,going_down
242,-4780,-9256,12156,791,228,552,-15056,-556,-3040,-224,5696,975,-15120,568,4072,-241,-163,14,-7056,2384,3240,33,1391,384,-10824,608,-6480,-517,-2810,448,-11048,3104,-40,-863,-501,-194,120,130,going_down
243,-4716,-9528,12304,1191,128,1116,-15516,-552,-3296,556,6639,1003,-15688,-248,3000,-352,-174,6,-13656,4552,3288,29,1567,325,-10336,2056,-8104,-267,-2920,411,-10784,128,480,-502,-53,81,118,129,going_down
244,-4744,-9100,12424,1103,200,1429,-14212,-256,-4760,1054,7613,1245,-15352,-624,2680,-198,-259,-43,-17448,1280,3376,-146,1181,-342,-9704,3176,-8920,-328,-2997,555,-9768,-1352,896,74,173,145,121,131,going_down
245,-4908,-8776,12468,886,329,1349,-14256,-120,-5312,922,8529,1787,-15072,-1208,1728,-121,-268,-11,-21232,-1112,2024,328,693,-455,-9584,2072,-9672,-510,-2964,636,-9336,-1368,1960,465,335,162,123,132,going_down
246,-5112,-8736,12352,724,361,1332,-14180,-408,-5916,1032,9081,1871,-14864,-1248,1880,23,-299,29,-22176,648,832,793,-393,-82,-10520,192,-11784,-305,-2835,655,-8584,-728,3032,567,509,133,123,129,going_down
247,-5008,-8776,12324,783,418,1472,-14248,-84,-6228,737,9838,1934,-14736,-880,2608,223,-220,64,-18680,-472,-3304,976,-1055,200,-11536,-1272,-10280,327,-2552,716,-8328,376,3552,817,714,111,132,129,going_down
248,-5012,-9100,12356,667,627,1950,-14404,-388,-5300,395,10770,2016,-14496,-1256,2504,282,-240,55,-15544,-2128,-8008,1037,-844,411,-11792,-1864,-9392,828,-2351,861,-9336,624,3616,1059,948,83,113,127,going_down
249,-5380,-9580,12228,1045,675,2568,-14500,-680,-6524,656,11748,2146,-13456,568,4144,173,-217,18,-15840,-2840,-7968,827,-35,426,-11504,88,-9776,821,-2060,815,-11328,824,3856,1062,1078,32,126,128,going_down
250,-5004,-9028,12376,1199,891,3381,-13944,-92,-6240,1102,12697,2439,-13488,368,2368,177,-83,-101,-19712,-5240,-6008,539,267,352,-11888,1712,-9696,438,-1706,684,-13512,1136,3864,900,930,-56,124,129,going_down
251,-5432,-8800,12356,1575,1135,4089,-13332,-24,-8484,806,13520,2511,-12752,2648,3240,-51,72,-141,-19704,-6328,-5816,528,54,307,-12824,736,-9464,34,-1276,472,-14376,2080,3984,598,816,-110,113,128,going_down
252,-5316,-8704,12596,1500,1818,4679,-13516,232,-7492,-212,14294,2446,-13104,1240,1824,-283,116,-46,-18080,-5048,-6016,381,-42,154,-14024,-592,-8312,-6,-857,276,-14432,2992,4648,429,882,-43,124,130,going_down
253,-5744,-10080,12304,1658,1902,6083,-13732,-592,-8616,-1078,14996,1881,-14288,168,1896,-538,-61,-35,-16848,-3584,-6152,-20,-10,76,-14416,144,-7328,2,-522,93,-14104,3648,5488,296,1109,11,126,130,going_down
254,-4968,-10840,12880,1790,3461,7806,-13572,-504,-8580,-1287,15083,1883,-14216,-800,1248,-326,-34,70,-14104,-3240,-6800,-479,417,32,-14584,1336,-5544,-253,-186,-55,-14696,3944,4904,170,1136,57,123,135,going_down
255,-5808,-9148,12328,1055,3896,9769,-13204,-500,-11792,-3416,16643,1010,-14816,-776,1976,-318,-11,161,-16104,-19248,-4376,-920,1074,-375,-13720,1376,-7032,-916,140,-227,-15840,3376,4216,-102,1196,17,116,130,going_down
256,-6296,-8880,12648,-938,5907,10970,-13784,748,-11184,-4248,17457,579,-15248,-584,2352,-207,15,222,-32768,12256,26944,1898,577,1357,-11304,-744,-23448,-1902,785,-445,-18000,1648,7432,-694,1019,63,131,131,going_down
257,-7392,-10712,14028,-666,9025,12243,-15728,1204,-12344,-5062,18314,395,-16224,-792,5648,-115,-159,399,23168,-18560,-2408,-3064,-8758,3222,-10552,-736,-25600,-1819,1017,-517,-20784,1240,21936,-2094,-579,-38,123,131,going_down
258,-7540,-12656,15408,-1878,16020,16150,-23072,2572,-11504,-6170,21308,-806,-18688,-3520,9688,70,-667,507,6024,10544,21408,-1972,-6566,2955,-22504,-1856,5720,-2062,2601,-746,-13296,512,-1200,-1187,1726,416,125,141,going_down
259,-6328,-13472,19144,47,23009,24173,-27936,3236,-10332,-7248,25551,-1857,-20608,-2552,9984,127,-1431,376,-984,25552,19272,-1588,-5252,1819,-26864,5168,8216,-793,1301,-650,-31888,-6824,112,163,1543,230,124,150,going_down
260,-3760,-13248,17428,7945,31097,28866,-26072,5180,-10184,-7445,27368,-830,-21736,-1424,5040,25,-2141,50,-12392,9712,9824,-1246,-3474,1101,-16424,15936,-4192,-807,1291,547,-20000,-4120,9432,328,-378,-92,122,115,going_down
261,-4700,-6960,16232,13019,32767,32767,-20540,5804,-12228,-9013,23624,2326,-24336,-1048,40,240,-2446,-421,-10512,13184,12920,-1303,-2649,470,-19560,3592,-7152,-79,1625,217,-12976,8056,456,1824,472,770,122,132,going_down
262,-4176,-5740,11256,11167,32767,32767,-15512,4996,-9848,-10975,17186,5037,-28040,1520,-1296,411,-2500,-493,7624,6872,25384,-1034,-1312,43,-32768,-4440,8048,363,1664,530,-32768,8816,21464,32,-1338,691,122,120,going_down
263,-6476,-12344,8484,3043,32767,32767,-10236,-5292,-3244,-10690,3801,1604,-32768,-312,-3304,-215,-2146,-504,-10648,2664,11304,191,633,111,-23440,-4272,-7264,2332,1031,-151,-20024,-3008,3856,-446,-283,-156,123,134,going_down
264,21272,-32768,32767,17499,27058,1729,-4184,-1688,-13232,9525,3021,9947,-29000,-648,-3624,477,-1893,-1182,-10360,9080,9504,127,209,223,-680,21288,-10344,835,2200,-113,-9528,3088,-6944,1134,-126,-530,121,156,going_down
265,-10244,-13832,13236,9524,9027,-29348,-8388,-5196,5108,16284,-12191,12751,-23160,528,792,1172,-1810,-1237,-10072,8320,10512,17,85,-74,-8200,12200,-12416,-1674,1361,-20,-10432,11488,-7848,1670,-234,-125,121,125,going_down
266,-6488,-23124,9088,9065,2342,-29511,-9480,-4744,2856,17432,-14771,12017,-20456,2920,-1128,1426,-1395,-911,-11624,5104,10416,-88,-6,-131,-20944,-2672,-12560,-1085,661,-331,-18192,15456,-5352,487,21,415,121,129,going_down
267,2396,-12076,10072,6997,-18657,-10689,-2984,4228,-7212,13133,-29638,8050,-17840,7672,-968,1544,-1283,-407,-10760,6224,11224,-69,-52,-81,-20872,-2888,-10688,727,330,-759,-23272,12496,-3744,-1597,993,452,121,124,going_down
268,-2892,-7436,1720,4496,-21671,-11260,-8604,6112,-7452,-2385,-30656,1849,-17384,8232,-1280,1516,-1238,-309,-10912,5904,11568,-57,-40,-75,-13976,4256,-7992,1040,138,-125,-20984,-976,-1800,-2378,1083,238,121,127,going_down
269,-3820,-8728,-484,2493,-16989,-9175,-7512,2684,-8408,-8985,-31635,-2830,-10296,6816,-1184,918,-931,299,-10656,5928,11200,-16,45,-105,-12440,6784,-6344,96,444,-85,-15880,-5856,1904,-1305,953,554,122,132,going_down
270,-3756,-8868,-292,2479,-15694,-9062,-7332,1620,-8496,-10296,-32747,-5628,-6392,5680,-480,722,-578,247,-10648,6520,10944,-17,71,-127,-14656,2736,-5232,-515,480,-323,-13160,-2296,4024,-341,707,378,122,131,going_down
271,-12748,-9148,6264,-1089,-6011,-10445,-9928,1440,-10016,-10735,-32768,-8646,-4152,6104,-600,459,-282,109,-11136,5448,11288,-23,75,-138,-15088,744,-5104,-216,467,-248,-13152,560,6048,-24,444,48,121,125,going_down
272,-13616,-7548,7492,-3814,-6145,-11286,-11088,1968,-11548,-12923,-32768,-11772,-4312,6280,-312,31,121,31,-10928,6064,11416,-6,98,-119,-14968,1600,-4408,192,637,-195,-14096,1848,6160,121,334,-13,122,126,going_down
273,-19036,-8196,9580,-6967,-5843,-12812,-10464,-1532,-12596,-9780,-32768,-13392,-5976,6144,-8,-581,442,130,-11216,6144,10856,15,120,-139,-13768,2200,-4656,398,862,-90,-15288,576,5704,-87,299,-25,124,138,going_down
274,-21936,-6088,9120,-6244,-9844,-14700,-11064,-4772,-14188,-990,-32768,-12635,-6432,5752,1128,-1185,804,333,-10920,6312,10952,24,166,-161,-13728,2760,-5400,362,1058,-49,-16424,-224,4976,-64,229,153,123,130,going_down
275,-24560,-1748,3956,-7748,-10260,-14184,-10840,-3544,-13640,10645,-32585,-8300,-7112,3280,1032,-2042,1201,294,-10952,5480,11184,29,186,-152,-13432,2720,-6120,160,1238,-102,-13952,952,6280,52,327,259,124,127,going_down
276,-24420,172,1784,-4808,-4419,-15654,-11824,1344,-15968,17635,-30027,-4715,-8368,-1136,1176,-2279,1612,80,-10976,6192,11304,50,226,-197,-14224,2096,-6176,207,1429,-97,-11616,1360,6752,-44,302,254,123,133,going_down
277,-23144,5476,3612,-2809,588,-13683,-12272,5168,-15448,12298,-26316,-3028,-10552,-2176,1192,-1726,1839,-63,-10544,7736,11504,115,353,-333,-14872,3328,-5488,416,1707,-78,-11304,2008,8392,-62,90,160,123,132,going_down
278,-24412,8868,8396,-4755,1830,-6455,-13064,6476,-13212,2571,-22642,-3377,-13528,-4616,920,-1098,1727,46,-12056,7792,11232,195,541,-572,-13984,4504,-7808,391,1984,-91,-12032,2824,7952,328,-167,-26,122,139,going_down
279,-25172,4240,11584,-5297,-3200,-3892,-13772,4404,-12792,-5700,-18835,-2834,-15088,-5688,544,-509,1697,478,-11264,7496,11632,371,827,-913,-14816,3704,-8240,482,2260,-80,-13024,376,6832,653,-365,-51,123,126,going_down
280,-21388,744,6092,-3362,-6771,-3395,-14820,1928,-10400,-8893,-15290,-3146,-13456,-3040,1136,225,1753,768,-12488,7872,12296,521,1071,-1178,-16248,656,-9936,803,2450,50,-13464,-832,5696,1202,-603,-34,122,145,going_down
281,-19896,436,-748,-2336,-3309,-1409,-15720,-772,-6692,-6521,-12330,-3023,-13808,-136,1984,980,1705,852,-11648,6088,12408,660,1669,-1513,-15272,1088,-9976,1107,2697,-48,-13584,2280,2872,1596,-784,-66,123,128,going_down
282,-20760,8,860,-4141,596,398,-13904,-2728,-7296,-1663,-8964,-2997,-16904,1408,4288,1431,1301,898,-12288,5264,11128,580,1804,-1706,-11184,608,-11032,1177,2711,-21,-13832,4088,-1624,1634,-853,-190,123,114,going_down
283,-19224,1252,2980,-2463,241,928,-12872,-1308,-5912,2780,-5026,-1834,-19200,1192,6184,1261,579,698,-13032,3752,8976,526,1955,-1725,-8688,-312,-12368,1038,2744,-137,-11920,4024,-1744,1252,-638,-258,125,121,going_down
284,-16896,2488,3416,-129,3209,2358,-14480,1748,-4696,6622,-1444,-290,-17448,2192,6960,1180,314,317,-16296,480,7416,503,1959,-1488,-5864,552,-14624,764,2652,-195,-12232,5168,-2632,977,-266,-329,120,118,going_down
285,-16172,3884,3416,3727,7634,2628,-14240,4316,-4528,7787,1644,360,-14792,3704,6856,1254,513,19,-13936,3888,8184,364,1870,-1572,-8720,208,-14960,545,2637,-370,-12760,4744,504,740,-7,-339,127,121,going_down
286,-29296,23164,21392,-20681,9576,4324,-13120,6976,-7476,4076,5820,691,-16096,5368,9224,1089,616,-76,-15896,4744,9048,454,2063,-1846,-13328,848,-16840,494,2678,-263,-14984,4424,6816,197,4,-399,125,133,going_down
287,-22748,-32768,-840,-4450,-32768,-32768,-22636,4000,-5972,-14374,13022,5209,-25680,10912,15128,-4,-297,87,-15400,7800,12584,739,2897,-2566,-23568,1576,-17152,880,2817,-20,-19272,3856,12128,-220,-391,-450,142,130,going_down
288,15908,-9008,20276,2283,-32768,-30125,-30344,-3976,15564,-18170,21812,-1862,-25256,15808,17304,-758,-481,-95,-13024,10368,15720,818,4345,-3997,-29576,1968,-16976,1338,2789,282,-26000,3304,14040,-239,-1017,-638,115,124,going_down
289,-5636,-19112,18072,8929,-29278,-15914,-26872,-2236,12656,17306,11967,10,-18816,18632,-10392,-2626,2458,476,-7272,12144,17040,360,7043,-6253,-28448,776,-11048,1896,2388,336,-29248,3352,10824,166,-1822,-901,119,128,going_down
290,-6244,-12512,12984,16389,-24054,-16534,-21408,-22044,2736,8777,12245,-4855,-27200,-5000,-4472,-5430,1569,-109,-6224,-992,8848,-672,6672,-6491,-21952,2664,3672,2037,410,451,-32272,6712,2816,665,-2008,-940,122,125,going_down
291,15496,-30776,20044,11524,-6547,-4537,-32768,1524,11560,15422,9205,3497,-30784,-10656,-328,-5384,1439,-308,-32768,2944,2712,65,5628,-4373,4936,-1496,-31176,769,1316,-143,-31184,11256,-8376,999,-1492,-327,120,123,going_down
292,-4944,-6744,13204,-2032,3092,3021,-18644,19996,-7368,-4474,16460,-2160,-18008,-5216,-14472,2614,-381,-454,-32768,-12184,1160,-829,847,888,17160,1608,-31080,251,1534,-1459,-26544,9776,-1088,-151,-1118,391,106,124,going_down
293,-5660,-10444,11480,-4135,2930,834,-7856,-10556,-8964,-13282,17881,-1279,-5592,3272,-6608,2817,-1259,108,32767,32767,26744,-794,-2973,5190,-12072,6960,11144,-273,-524,-1453,-26752,8032,6240,-1410,-1570,874,123,125,going_down
294,-6160,-11860,10764,-2426,3113,2030,-15576,-15748,-8476,6964,5833,1545,-12328,5264,-11488,195,-39,322,11760,-3176,18880,-1949,83,378,-13768,-5864,2136,-1519,-1636,645,-25936,-696,-624,-1786,-1402,1013,122,126,going_down
295,-6168,-9996,11100,-1020,2028,1527,-14016,1408,-10020,11906,1983,6063,-18064,3600,-8496,668,531,1231,5872,15384,18088,363,-1945,2256,-4544,6624,1304,-503,-2540,-125,-19272,-7912,-800,-1273,-1049,734,122,128,going_down
296,-5780,-9236,11452,-775,1426,843,-17212,7028,-8216,-1702,4148,3633,-15992,3304,-3984,947,537,708,1016,-880,10208,-44,-2844,275,-10184,-2872,-1264,-1057,-3583,1249,-13112,-5712,-208,-661,-1083,25,121,130,going_down
297,-5448,-8216,11988,-1050,1249,97,-15912,3588,-5980,-8495,4828,-1542,-14952,7592,-264,580,943,-136,-5048,9280,8016,353,-2541,584,-9056,-3768,-3528,-725,-4099,1081,-8416,-920,-1856,-341,-1064,-440,126,130,going_down
298,-5680,-9240,11384,-729,528,-656,-13008,-2428,-3752,-8030,5375,-692,-16896,5576,1648,-132,1104,-220,-8072,7936,9864,-284,-2233,1328,-8728,-2120,-6800,-403,-4298,1076,-7344,2016,-2936,-600,-1022,-520,121,129,going_down
299,-5676,-10120,11116,370,-195,-880,-13644,-4716,-1708,-81,4672,1198,-15336,960,2480,-210,811,37,-11680,4088,9512,-560,-2188,1667,-9488,1512,-7936,-348,-4827,1327,-6752,1760,-3888,-1044,-790,-355,126,131,going_down
300,-5772,-9856,11284,966,-575,-951,-13872,-1208,-1796,3767,5277,2723,-13864,-3120,4272,-133,160,199,-12264,416,7648,-427,-2024,1311,-9040,1544,-9824,-944,-5014,1583,-7488,440,-3896,-1183,-421,-52,124,130,going_down
301,-5660,-9752,11440,1285,-777,-1073,-14564,240,-1904,2094,7988,2696,-13248,-4616,6104,-46,-277,179,-15720,-3312,1864,535,-1544,1264,-10416,656,-14080,-1471,-5280,1546,-8672,-1712,-3488,-729,-134,226,121,127,going_down
302,-5476,-10060,11480,1172,-420,-755,-15488,-472,-1688,1326,10687,2834,-15392,-3000,6736,344,-667,-113,-20352,168,-1168,771,-599,1238,-9544,-1136,-15160,-1654,-4982,1544,-6400,-4184,-2128,166,124,-276,122,130,going_down
303,-5156,-10088,11680,896,-12,-60,-15000,-12,-2752,2954,12528,3042,-16016,400,5536,1019,-636,-260,-22560,-1344,-3224,536,-412,1455,-7320,-1872,-17160,-1158,-4504,1292,-4008,-1520,-1664,1371,221,-232,122,128,going_down
304,-5236,-9044,11764,604,437,395,-13780,360,-4912,4712,13607,3214,-14408,2856,3960,976,-466,-187,-27288,-2432,-5904,33,-506,1765,-8648,2192,-18304,-967,-4502,1004,-5096,1384,-1024,2938,699,81,125,128,going_down
305,-5288,-8952,11892,230,746,753,-13728,664,-6708,5810,14589,3358,-12536,4240,4064,217,-276,-139,-31896,-6968,-6848,-141,-738,1569,-10920,3136,-19184,-1419,-4318,896,-7912,3384,1528,2709,1084,441,123,129,going_down
306,-5700,-9692,11444,-543,1360,1822,-14132,192,-7112,4751,15796,2588,-10984,2752,5712,-225,-35,-45,-27400,-13104,-9936,363,-1199,1254,-14032,-2520,-19152,-1131,-3723,770,-9856,5552,2160,1180,1289,594,100,127,going_down
307,-5248,-11612,11196,-1468,1804,3725,-14868,-472,-5692,1198,17811,2260,-11112,-448,712,-809,206,-232,-26096,-14224,-10424,501,-1198,1200,-16080,-5776,-18688,259,-2934,767,-12416,8776,4496,382,1388,455,122,127,going_down
308,-6768,-10820,10924,-1394,1746,5195,-12204,-2168,-11220,364,18396,1986,-11760,-1216,440,-896,151,-346,-25664,-13816,-15408,1174,-269,305,-14640,-2560,-16504,1315,-2178,632,-17416,6544,5144,-203,1278,-34,118,132,going_down
309,-6732,-10948,11368,-2296,4348,8041,-13572,168,-10816,-180,19088,2089,-12088,-1104,456,-800,164,-344,-23656,-9344,-15608,849,-3,273,-14256,576,-14336,1061,-1146,394,-19024,1896,6520,-625,1271,-424,130,132,going_down
310,-5916,-11848,12544,-5176,7723,11114,-17628,1800,-8744,-2719,20963,833,-17232,-2216,2152,-441,3,83,-23184,-7552,-13744,-117,378,-17,-14712,2168,-12496,499,-399,123,-16760,784,8560,-788,1084,-251,125,127,going_down
311,-5388,-11596,12356,-5745,10605,12191,-15088,2088,-11012,-2728,22817,243,-15112,-280,352,-26,-557,88,-18952,-8840,-12328,-583,560,-375,-13984,2568,-9096,-241,161,-191,-17296,2904,9960,-381,998,-13,121,152,going_down
312,-8988,-8520,12204,-5402,13927,13068,-11788,728,-15256,-887,23017,579,-13896,2360,1696,206,-289,183,-6496,-32768,4768,-734,1352,-547,-14248,464,-7904,-1374,914,-522,-15384,2344,11856,-512,511,-161,124,142,going_down
313,-8808,-12184,15204,-3550,19114,16949,-19668,2496,-13080,-641,24618,349,-16640,3176,9704,160,-479,416,32767,24352,-32768,476,-5470,6061,-16896,10808,8824,164,1760,-1798,-15336,-1232,12896,-1032,1446,-30,123,138,going_down
314,-8172,-18140,16032,799,25327,25320,-31076,3504,-11692,-2430,28213,-3559,-20272,1192,14128,-15,-1210,383,2880,4064,5400,-791,-4324,4585,-28104,3048,1328,-2067,1976,-462,-22824,-3584,1760,-965,1368,341,123,131,going_down
315,-8072,-19368,20252,8463,30464,32767,-32768,4620,-11660,-4278,31790,-5379,-25656,1400,12008,-205,-1987,201,-4664,21528,17600,-1170,-6082,1478,-32768,6912,4656,-1165,1673,-1020,-32712,-8888,-2232,623,1428,-230,127,125,going_down
316,-120,-13436,12860,14071,32767,32767,-30416,5952,-4944,-10917,29641,-5245,-28616,1320,5880,-423,-2956,-290,-14128,13328,12160,-1095,-3526,917,-17464,18896,-6256,-448,1210,586,-22888,5200,2912,2099,270,240,121,127,going_down
317,492,-10744,14392,17020,32767,32767,-20724,1932,624,-14749,17406,-4246,-32768,-504,-920,-744,-3095,-567,-18456,6088,11808,-1210,-2094,-401,-24488,664,-6280,305,1239,286,-25344,18112,17688,1582,-27,1163,124,136,going_down
318,-17036,-27760,18392,7489,32767,32767,-376,-1588,-31824,-6060,19671,-2832,-31392,-896,-7576,-910,-2400,-753,8544,8488,26720,47,-208,-26,-32768,-31912,2648,1713,1253,-212,-32768,7616,5304,-1914,661,157,124,115,going_down
319,-20656,-32768,32767,-10407,15097,-18086,-1020,-3284,11644,-8887,7199,12502,-32504,-2192,2152,-821,-2118,-1173,-12672,5112,9016,287,210,273,-10376,22312,-9944,3616,1212,-325,-9408,-2776,-6672,-999,562,-981,121,133,going_down
320,-31808,-19204,32767,4389,-680,-12044,-12972,-6620,7204,18738,-17343,7527,-27368,-2592,-2432,538,-1792,-1338,-9920,9944,10560,55,-49,-7,6408,24080,-7056,-1171,1543,-257,-5832,6096,-2584,1379,227,-308,121,129,going_down
321,23816,-5776,7236,8937,-17973,-15444,-2044,1324,-1068,17880,-30711,5661,-21184,3408,-3152,799,-1269,-930,-10640,7952,10160,-63,75,-209,-19920,4336,-9144,-3088,887,-436,-11440,10528,-2512,944,-166,2,121,128,going_down
322,5056,-9880,6936,-1081,-25645,-19579,1036,4896,-4072,2240,-32768,5768,-14200,5552,-5128,546,-635,-506,-11344,6080,11000,-87,42,-268,-24712,-10312,-10320,-408,725,-1004,-21128,13168,1024,-875,731,268,122,123,going_down
323,-972,-8744,4052,-321,-27162,-18220,-11872,2688,-3188,-6474,-32768,-250,-9920,4976,-4656,528,-690,-271,-11168,5120,11864,36,212,-447,-18320,-4344,-5232,2342,559,-421,-20880,2208,-424,-1888,1220,229,124,128,going_down
324,-1480,-7348,-496,-1982,-20119,-13408,-7680,3608,-6680,-8674,-32768,-3907,-5432,5488,-4712,564,-436,90,-10704,5344,11600,28,188,-365,-9136,10416,-4992,1477,895,348,-20496,-1392,-392,-1984,1125,214,123,132,going_down
325,-6252,-11496,2676,-1284,-9238,-12390,-8540,1848,-8104,-10243,-32768,-8495,-2968,5488,-4656,823,-165,359,-10504,7176,10880,27,156,-322,-12448,7304,-3856,-384,1097,-416,-12840,-5552,5352,-267,338,169,125,129,going_down
326,-11176,-10788,6484,-2289,-2129,-13335,-11948,808,-11064,-7984,-32768,-11720,-1128,5088,-6792,710,263,457,-11048,5584,10688,-35,207,-345,-14472,-448,-5152,-509,1100,-386,-12072,1760,6432,181,39,-44,126,127,going_down
327,-21452,-4468,12284,-3920,742,-14064,-11528,1624,-17428,-5878,-32768,-13473,-888,5640,-3616,683,430,471,-11168,5072,11264,-34,154,-239,-14392,-432,-5296,220,1447,-439,-11688,2528,7840,329,-1,-75,125,123,going_down
328,-32768,-1996,18772,-10212,-7797,-14325,-11260,-924,-20496,-1187,-32768,-10653,-2240,6192,-1648,816,581,648,-10712,6136,11632,-2,179,-219,-14184,1720,-5072,622,1769,-354,-11912,1704,5704,298,86,-92,125,120,going_down
329,-32768,-332,9828,-9094,-18685,-15521,-11732,-1960,-21212,3863,-32768,-6923,-5528,4528,696,125,781,627,-10848,6456,11208,34,249,-333,-12968,3864,-6272,749,1799,-264,-13040,24,4224,-273,2,117,123,130,going_down
330,-29180,5284,-2940,-3322,-11562,-16115,-13640,2116,-19524,10552,-32768,-2619,-10592,2208,4632,-1321,1062,308,-11432,5456,10920,17,207,-526,-11736,2760,-9328,500,2088,-255,-13408,-1440,5464,338,82,229,122,115,going_down
331,-32768,14588,-4988,2673,3533,-11494,-14808,2948,-19352,12517,-27673,309,-13600,-48,6328,-1869,1755,-148,-10832,7624,11152,117,225,-666,-13624,2512,-8144,697,2283,-270,-12184,696,4904,706,-225,189,121,130,going_down
332,-32768,13516,3764,1089,2497,-4159,-12964,3512,-21960,5928,-19892,1378,-15488,-1640,5144,-1411,2298,-426,-10240,7104,11968,202,485,-914,-14584,1560,-10376,975,2388,-213,-10680,3496,3808,1238,-256,95,124,151,going_down
333,-32356,11648,-3504,2530,-1340,1019,-12296,1772,-17864,382,-12216,291,-16528,-1256,4232,-785,2224,-24,-12344,4152,10880,297,676,-1110,-12696,1320,-11280,1119,2520,-324,-10336,3216,3464,890,-374,-19,131,137,going_down
334,-28212,9140,-7624,961,1813,2800,-13320,1484,-15016,-1166,-5284,-807,-17336,-792,5152,-119,1670,803,-13184,5408,12808,400,1093,-1390,-15632,1240,-12128,905,2828,-326,-12464,3304,8656,938,-444,-156,130,153,going_down
335,-27632,9064,-7420,966,2559,3289,-12408,1272,-10976,-3320,1168,-1092,-17536,-1688,9456,346,985,1186,-9048,7128,15752,595,1959,-1708,-18952,-1480,-10216,973,2954,-512,-16632,3184,4720,1204,-591,-292,118,156,going_down
336,-23544,10428,-4860,-678,14656,15588,-12092,884,-9740,-2528,6590,-1634,-18768,288,11592,263,362,1010,-13440,3664,13536,459,2513,-2233,-14088,-1136,-13136,979,3105,-552,-15080,984,4112,1004,-715,-264,141,129,going_down
337,-32768,-32768,32767,-27991,-28011,-9035,-12144,5252,-32768,-910,16346,1186,-15080,7344,3768,403,742,460,-14920,4464,13480,567,3156,-2812,-18112,-568,-15192,847,3360,-518,-16040,2768,6632,832,-712,-281,107,122,going_down
338,-32768,13256,32767,14379,-24816,-27903,-22164,-11564,-2936,-1967,24362,-4934,-21064,-400,-2176,758,1085,507,-13104,7328,17680,576,4357,-3758,-29336,1312,-18064,733,3407,-417,-21856,10432,11776,474,-1189,-526,131,130,going_down
339,10736,-29636,20608,6931,-27821,-25010,-32768,7464,22192,24165,11444,5197,-27056,8480,-6864,554,1029,213,-6336,13304,18320,-6,6254,-5540,-31832,2728,-11008,1097,2978,-404,-29736,12576,10776,-412,-1797,-684,117,126,going_down
340,-10160,-24344,11964,6227,-32768,-21017,-15788,-884,-3024,5612,10993,-625,-22464,11808,10728,942,237,69,-3344,8432,9680,-1270,7240,-7578,-22240,5632,-2976,1055,1272,-138,-32768,5184,4800,-675,-2410,-577,121,125,going_down
341,-18264,-8396,13456,8707,-30703,-24529,-22072,-18624,-5920,-831,9149,-313,-27984,-9456,4000,-674,1082,-893,-32768,936,2808,-918,6487,-5627,-2792,1832,-17072,397,1518,-344,-32768,3968,2792,-576,-2436,-470,125,123,going_down
342,-17296,11204,16572,-1466,-3099,-22,-32768,14468,23632,22628,5360,-641,-32768,-22096,-1168,783,-389,-1163,-32768,23784,-976,-2522,2808,-1564,7400,1944,-26272,110,1645,-1095,-30368,7040,-1656,483,-1826,100,121,125,going_down
343,-1764,-4160,13400,-4661,3720,1005,-5364,6180,-11760,-23980,27226,-1075,-12800,7232,-10072,1477,-1140,-281,32767,31064,29696,-1183,-1214,5104,-12912,5488,11600,463,-572,-1458,-30760,9176,2528,-934,-1816,643,132,126,going_down
344,-5840,-9940,11188,-3745,1800,101,-5576,-23988,-10364,-6421,11908,1343,-4336,5192,-10400,304,750,-399,-32768,6944,-3256,-2661,1130,2931,-5016,2400,1304,-1023,-1699,171,-23928,2000,-1760,-1513,-1803,783,125,127,going_down
345,-6196,-11024,10888,-1327,1423,481,-17680,-9700,-7764,20165,83,2576,-13128,3432,-8192,-1939,679,-20,11552,12640,17224,-1125,-1188,2087,944,12192,-1096,-1961,-3049,-23,-17432,-4144,-1000,-1457,-1314,721,119,129,going_down
346,-5724,-9320,11656,-241,641,36,-14676,10348,-12136,10631,181,7337,-22392,-4536,-6464,-320,1036,884,-5952,-1824,11544,-1106,-1674,-438,-6544,880,-3928,-3564,-4310,1199,-12920,-6888,-2584,-889,-798,325,124,128,going_down
347,-5324,-9192,11884,-159,911,-147,-20632,5000,-6932,-8581,6043,-65,-17200,-3512,-1768,808,484,471,-11072,5288,10504,56,-2254,-6,-10160,-7688,-8320,-2622,-4585,965,-8488,-4400,-2944,-275,-675,-147,123,128,going_down
348,-5012,-9024,11792,-461,1207,28,-15348,780,-4012,-9032,5944,-3186,-17208,-1960,-1200,977,418,402,-13120,6888,5128,107,-2774,954,-8824,-6272,-8664,-685,-4455,701,-6384,840,-4024,-191,-102,-398,127,130,going_down
349,-5376,-9928,11412,-740,1165,72,-14648,-4292,-2676,-4299,6014,-372,-20464,6416,2896,806,699,17,-14080,3224,4000,242,-2388,2005,-9184,-3032,-9840,475,-4792,1123,-5584,3320,-4272,-634,26,-226,124,130,going_down
350,-5604,-10132,11364,14,838,331,-13428,-2896,-2528,2573,5314,1403,-13624,1168,4304,358,803,-19,-16024,776,4936,288,-2164,2378,-8320,2904,-11512,300,-5045,1467,-5320,1536,-4160,-940,164,6,118,129,going_down
351,-5540,-9640,11548,201,590,370,-13308,240,-2236,3951,6499,2177,-11376,-664,4792,29,362,86,-15736,-4480,3288,592,-1652,2118,-10928,3384,-13728,-737,-5319,1423,-5656,-2048,-3000,-253,350,33,121,132,going_down
352,-5544,-9688,11504,351,368,417,-15052,516,-3796,3142,8236,1962,-11064,-2152,4800,-336,91,175,-23280,-4528,-208,854,-1051,1444,-11272,336,-16392,-1131,-5471,1555,-7672,-1848,-1656,107,575,-21,117,129,going_down
353,-5688,-9576,11448,742,187,423,-13832,-636,-4780,2416,10129,1754,-15392,-1696,4264,52,65,160,-32768,-4536,-2680,1048,-1439,1424,-7384,320,-20736,-1053,-4592,1153,-8624,-1416,-968,1136,837,-201,119,128,going_down
354,-5552,-9160,11776,734,62,606,-13840,480,-5160,2776,11430,1661,-15984,592,3280,719,187,-96,-26432,-4344,-8328,1175,-1887,2073,-11808,1680,-16776,-730,-4136,913,-8304,2112,1560,2374,1179,-20,127,127,going_down
355,-5756,-9280,11732,194,233,1196,-13772,544,-5876,2898,12721,1676,-14968,584,5504,776,174,6,-28096,-4960,-9904,670,-1160,1823,-17248,800,-17984,-882,-4129,796,-10080,5712,4312,2231,1418,476,123,129,going_down
356,-5880,-9848,11320,-735,542,2192,-13872,140,-5568,1890,14795,1702,-12744,216,6592,322,177,-3,-27920,-9616,-9576,381,-696,1287,-16272,-1432,-17672,-202,-3583,443,-11688,7648,5120,1182,1444,852,144,127,going_down
357,-6708,-9680,10896,-1897,949,4297,-13992,44,-5724,1693,15171,1583,-9680,960,4408,-200,78,-104,-26720,-8192,-12624,530,-521,1046,-15704,-448,-14640,445,-2809,529,-14816,7544,3848,269,1728,773,114,130,going_down
358,-6160,-12428,11240,-2187,1989,6156,-14596,-1300,-7024,-856,18624,1552,-9968,1880,2104,-620,216,-181,-25720,-5904,-13960,-460,-410,328,-14504,2784,-12816,271,-1998,530,-18704,3960,5576,-532,1886,372,125,134,going_down
359,-5368,-9524,12232,-1004,4296,8827,-11868,288,-11932,316,18702,1118,-12224,4568,1248,-1094,318,-224,-24664,-8848,-15560,-843,86,208,-14656,2512,-11904,-546,-1164,293,-19064,3024,9584,-1294,1408,-106,117,132,going_down
360,-6280,-10036,12560,-5545,6515,10575,-15644,2404,-11436,-1639,20351,994,-12984,4624,1888,-1066,364,-182,-17320,-11464,-16000,-526,651,157,-14728,408,-9848,-1072,-46,-89,-16728,1616,11848,-1744,1019,-168,146,132,going_down
361,-5648,-12600,12788,-10148,11867,14116,-21044,2712,-6536,-3963,23483,-609,-18184,-4440,344,-496,-55,235,-18272,-11232,-12216,-722,1517,-433,-11864,-1832,-9512,-1315,905,-275,-15552,56,11000,-1283,1053,121,107,134,going_down
362,-8516,-9600,11464,-6900,16582,15399,-11560,2028,-13720,-2656,25111,-1082,-14408,1656,-1456,313,-468,28,-15808,-9712,-7928,-628,1946,-630,-13328,-3952,-7568,-1162,1394,-335,-17328,-1512,8456,-585,1178,244,121,138,going_down
363,-10540,-7192,11056,-3610,19220,16495,-11056,1816,-15920,-853,24291,-760,-13336,6472,2728,226,-274,353,19144,14576,-32496,1283,-5530,5709,-14080,-3896,-8680,-1109,1467,-330,-12640,-9696,14064,-1497,171,-358,125,134,going_down
364,-8104,-16196,14600,-1329,24118,22645,-28700,3120,-10900,-1585,26013,-3098,-20040,1792,13408,-229,-836,826,-13800,5696,496,-739,-4643,4041,-32768,8144,-2240,497,2006,355,-22128,-8584,912,526,1299,-122,124,138,going_down
365,-7800,-20404,18072,5276,31590,32767,-32768,3604,-12464,-4262,30149,-5521,-24568,-3648,13064,-453,-1772,406,-12496,21712,15864,-1196,-4835,1635,-24384,10264,8072,-476,2504,-947,-30928,-2800,-800,2986,711,-235,119,119,going_down
366,-2884,-17444,15496,11243,32767,32767,-32768,6476,-4944,-11259,30407,-4021,-30584,480,7432,-126,-2834,-189,-9800,4688,11528,-1086,-3342,707,-15120,11624,-4816,-465,1862,217,-19576,12432,6896,2680,-326,1040,125,108,going_down
367,-5752,-11692,16764,13977,32767,32767,-31496,2688,8220,-23012,7925,-1975,-29872,3128,-1424,-264,-3292,-637,-9504,3640,13544,-1169,-2796,370,-17504,7064,-6104,-489,2227,-432,-10416,16928,-1120,1610,416,1444,124,133,going_down
368,-30120,-32736,28760,164,32767,32767,-23052,-2480,13644,-25839,27,-6481,-24776,3072,-8744,-809,-2782,-610,7136,4536,27096,-735,-1141,-212,-32768,2680,3896,-768,2275,-109,-32768,19656,17888,-2383,-1689,149,126,126,going_down
369,-32768,-32768,32767,-3217,13563,3104,36,-5636,172,-10983,16350,9896,-27600,-3144,1480,-1228,-2194,-854,-14592,1584,11656,168,783,-273,-23832,-10904,-14224,1368,1214,-177,-24312,-3256,-4016,-3734,273,-1401,124,124,going_down
370,-9792,3908,12584,13684,-2440,14981,-4232,-7812,9792,-11720,13074,11489,-32768,-5144,-1872,-44,-1912,-1231,-11368,8592,10272,208,472,127,-7792,13912,-10480,1176,2185,-348,-14104,-4040,-5176,-1430,421,-678,123,130,going_down
371,30832,-9496,8524,3310,-20956,-9521,1076,5064,-916,9159,-20913,4399,-24112,2392,-3376,733,-1778,-937,-11432,8104,9280,145,448,-270,-10320,12392,-11328,-657,1478,44,-13072,3704,-2992,466,414,-138,121,131,going_down
372,9952,-7788,-480,2728,-19701,-16883,3700,1176,-1476,-7719,-28221,940,-16544,4784,-5048,580,-1023,-874,-11912,6288,10816,117,551,-417,-16344,632,-10504,-856,1099,-401,-15752,5552,416,932,584,601,122,126,going_down
373,5476,-11388,-120,1294,-19593,-21620,-7840,-4516,-1588,-4361,-32768,-1946,-11448,4344,-6472,130,-664,-785,-12384,5424,10992,191,673,-459,-20416,-1808,-9520,333,878,-687,-19448,7648,904,135,954,739,123,129,going_down
374,2144,-7256,-2812,4745,-16295,-20369,-4376,-1328,-3692,2633,-32768,-2868,-7320,3688,-6504,-50,-404,-417,-10536,5616,11576,246,900,-510,-15552,312,-7152,886,876,-260,-17944,4688,-184,-833,698,387,121,126,going_down
375,-2516,-6376,452,4172,-9129,-13674,-6104,196,-7216,3286,-32768,-5078,-4904,2584,-6384,306,-130,-30,-12464,5072,9992,327,985,-556,-12400,3248,-8112,736,1232,-56,-16392,-2048,2696,-1199,410,173,123,124,going_down
376,-12728,-7124,6584,1370,-6783,-9802,-8924,880,-9576,1144,-32768,-7252,-3320,2200,-7264,1015,230,327,-11840,5944,9872,394,1003,-598,-13200,3560,-5704,569,1323,-166,-13688,-2312,6248,-858,155,84,124,127,going_down
377,-13104,-14348,12412,-4193,-9486,-12715,-9728,2648,-14916,114,-32768,-8443,-3008,4864,-7424,1655,504,561,-11592,7528,9936,418,1022,-767,-14152,2776,-4776,485,1482,-98,-12496,-2944,5696,-344,44,-155,122,130,going_down
378,-21392,-12036,11208,-3043,-9885,-17552,-9824,3848,-15016,-3995,-32768,-10993,-3128,8656,-5584,1458,550,747,-12528,6704,9280,420,1074,-925,-12992,2072,-7416,704,1605,0,-10568,-4040,7416,436,-258,-181,120,126,going_down
379,-27308,-6312,7204,-1308,-7487,-21787,-16380,-192,-19036,-4434,-32768,-14705,-5360,8264,-2360,827,628,691,-12200,6832,8864,461,1109,-1054,-12472,1648,-7168,911,1915,80,-10808,-2192,5112,1397,-237,-148,120,123,going_down
380,-32408,3736,2600,176,-2281,-17442,-14000,-4268,-20892,4604,-32768,-10074,-8864,5616,-248,-66,1342,417,-12640,6744,8624,480,1132,-1152,-11488,2336,-7112,1151,2131,133,-11576,-2312,2688,1880,-350,6,120,149,going_down
381,-32768,10556,168,808,2327,-10352,-14116,-2560,-22212,16212,-32768,-5178,-11328,2112,3392,-584,2098,23,-13368,5656,7640,441,1156,-1262,-9696,1936,-10288,1088,2208,204,-10480,-1600,3960,2046,-275,27,119,127,going_down
382,-32768,12940,3464,-4608,574,-12051,-14928,2124,-26152,21046,-28739,1327,-12864,-456,7008,-642,2329,-299,-14128,4632,7936,574,1220,-1321,-11160,1344,-9072,1189,2486,112,-10320,3512,1544,2187,-428,-140,119,121,going_down
383,-32768,14924,-6208,1811,-1778,-11034,-12800,4660,-21220,10722,-17222,2334,-14672,-1264,6776,-885,2407,-383,-12600,5480,8368,497,1327,-1361,-11080,584,-10232,1150,2609,38,-9640,5496,-208,1796,-583,-211,124,125,going_down
384,-31580,18296,-16052,5465,8850,-4272,-10040,1520,-17976,4979,-8212,-802,-17472,-3432,6456,-805,1846,-139,-15584,1456,6072,394,1354,-1235,-5408,304,-15176,816,2616,-100,-10816,6016,-416,1331,-364,-283,124,130,going_down
385,-30796,20568,-12728,4088,16767,5544,-9860,1792,-15904,2948,108,-1980,-16992,-2648,7544,185,1352,456,-15520,1928,6576,459,1447,-1355,-10888,552,-14344,662,2800,-187,-12872,4664,3616,913,-156,-364,125,107,going_down
386,-32768,3668,9520,-19795,-7969,6210,-11116,3564,-32768,1917,8800,-1924,-17480,984,14328,336,122,770,-14840,6824,11280,610,1980,-1709,-19384,1120,-15008,615,2927,-196,-15960,4584,9328,535,-164,-467,109,120,going_down
387,32767,32767,-32768,254,-10578,-12052,-17204,-9200,-6168,-10300,32560,-6118,-24872,-2288,13456,-86,-1022,377,-16240,7160,13976,789,3214,-2770,-27392,2344,-18792,625,2972,60,-23184,6256,14064,216,-388,-455,107,129,going_down
388,-536,-32768,31236,-67,-32768,-26224,-32768,4572,27788,17798,17582,8293,-32320,7672,-9032,736,1382,1036,-10816,9104,15584,739,5361,-4755,-32768,960,-13744,1033,2758,151,-31896,10216,14504,-195,-951,-374,118,131,going_down
389,-10908,-8768,17424,1607,-17674,-13608,-19492,6188,4436,8012,14669,-2234,-24552,10072,14904,129,-124,165,-5200,6344,12312,153,6607,-6358,-28256,4128,-4280,1456,1570,144,-31456,7000,8912,-290,-1838,-346,129,124,going_down
390,-704,-8892,16836,1180,-17633,-12352,-18732,-4728,-10048,7465,14613,1875,-21936,-7568,200,620,705,-648,-31040,3536,8992,381,6963,-5179,-8608,2144,-15992,715,1471,85,-28856,4432,-1416,-191,-1950,-261,119,125,going_down
391,-8952,-16440,8816,1991,-16216,-14693,-23204,-14712,-4044,20262,12270,12391,-12800,-2560,-10584,-177,1143,-917,-32768,-8544,-5496,-282,4649,-2035,2936,736,-28728,712,1750,-719,-22288,224,-872,38,-1916,-155,120,126,going_down
392,-5536,-20176,9536,7545,-9870,-9557,-23456,-5592,-4564,10590,4224,-834,-26048,-3680,-224,-332,531,178,-32768,13416,20536,738,-221,3267,-432,2328,-944,1225,1085,-970,-24400,3496,3464,151,-1724,45,123,125,going_down
393,-14016,-1200,11228,1988,-3629,-364,-30264,12096,-10220,-9984,6428,-5866,-30472,-2392,-2512,1122,-22,1003,32767,11920,22792,-1611,-2185,39,-18424,2472,8520,-34,-1282,510,-32016,9448,-16,-307,-1595,282,122,126,going_down
394,-2724,-7444,13912,-1938,1754,488,-19620,5988,-7592,-15188,12151,189,-28408,-936,-2248,1309,-62,1025,1408,12344,18016,-315,-2036,2936,1376,4712,288,-6,-2107,-28,-25328,4160,-992,-831,-1318,581,123,126,going_down
395,-5576,-9136,12084,-4939,3867,1540,-16048,-7456,-6064,-7354,8286,-1591,-16536,5016,-1920,1044,731,-9,11992,4920,17840,-31,-3778,774,-4360,6800,-320,-990,-3573,558,-18008,1152,-1824,-1068,-1122,528,121,127,going_down
396,-6040,-10780,11244,-4777,4054,2108,-14504,-6664,-5648,3799,4965,1736,-15024,2736,-1024,257,1059,-99,-7368,7408,8544,76,-3579,946,-9888,-400,-4344,-1703,-4345,1230,-11800,512,-3000,-1091,-926,229,120,130,going_down
397,-6280,-10276,11240,-3930,3301,1862,-14348,-5748,-5524,4575,4894,2391,-13128,1336,-1496,-383,1020,56,-5744,8888,7432,155,-3908,1407,-10360,-1520,-4704,-1672,-4387,1172,-7480,-1544,-3664,-1034,-733,-30,127,128,going_down
398,-6636,-10140,10980,-1477,3259,2098,-13708,-312,-5484,1968,6453,3407,-12344,-512,-1104,-657,887,441,-6576,4656,4680,-133,-3066,1617,-11736,-624,-7416,-631,-4928,1132,-7232,-1360,-2816,-902,-328,-76,120,129,going_down
399,-6232,-9516,11024,-833,2011,1979,-13760,1644,-6304,-343,7520,1316,-14136,-1544,-200,-224,644,293,-12000,3744,5792,-374,-1714,733,-12304,232,-10560,-926,-5323,1536,-7632,-536,-2728,-848,-50,-36,121,131,going_down
400,-6272,-9268,11176,-371,959,1171,-12028,1976,-5588,-4387,9260,-360,-15296,-752,1424,372,350,47,-18992,1288,4528,7,-423,562,-13424,-1936,-12656,-1281,-5590,1789,-7392,-1592,-3248,-755,142,-203,120,131,going_down
401,-6260,-9928,11148,-81,453,880,-13704,-1768,-4116,-4577,10406,337,-15680,1576,3320,785,-178,-69,-25912,1272,4480,99,441,1503,-12512,-3408,-16552,-1370,-5462,1440,-5936,-4016,-3920,-122,382,-424,121,127,going_down
402,-6212,-10008,11076,207,585,1352,-14092,-2568,-4444,1093,11041,2393,-13992,1608,5568,433,-451,79,-32768,-8112,4040,-122,-819,1517,-7472,-616,-19888,-543,-5033,1243,-5400,-2856,-1888,791,502,-524,124,129,going_down
403,-6200,-9604,11264,234,789,1903,-13628,556,-5420,3410,12285,2888,-11056,1472,5504,88,-118,85,-29304,-14264,-5456,1053,-2079,1119,-8288,984,-18920,-382,-4655,1151,-5704,1184,440,2071,737,-252,124,129,going_down
404,-5992,-9004,11736,87,1082,1907,-13152,2292,-6840,2485,14135,2742,-10000,4696,3376,-342,219,-255,-18520,-10528,-16128,1553,-1342,1096,-14408,-2064,-17712,-835,-4473,1053,-7720,3816,1896,2227,912,190,113,128,going_down
405,-6204,-8500,11760,-487,1742,2310,-13104,2028,-9204,1750,15207,2414,-12376,4888,3208,-1041,306,-426,-25944,-7832,-18592,714,322,1429,-15080,-4376,-20928,-704,-3824,696,-8184,4048,2352,2131,905,268,128,128,going_down
406,-7204,-9956,11380,-2367,2990,4714,-14396,936,-9020,798,16895,1135,-15472,1560,5280,-989,365,-196,-32240,-12128,-18712,-245,444,1333,-12752,-1680,-21264,310,-2614,220,-12392,5144,5832,792,1373,592,132,123,going_down
407,-6856,-12120,11656,-4389,5821,8156,-17804,856,-7808,-1140,18927,-111,-15624,-1552,3192,-753,290,331,-26992,-17560,-20008,-131,188,702,-11312,4152,-17144,233,-1686,275,-16200,6352,7096,44,1165,292,122,130,going_down
408,-7776,-11552,11408,-4423,8654,10843,-15200,708,-10972,-3561,21227,-1125,-14688,-1944,3152,-860,73,273,-21928,-10696,-20864,-172,267,-30,-12256,3104,-15200,-981,-645,-59,-17536,5688,7152,-117,1370,-105,116,129,going_down
409,-10492,-11720,11700,-5611,12180,13417,-16576,12,-11744,-3763,22877,-1395,-13736,-1768,4968,-421,111,177,-12592,-6608,-21808,-809,1276,-317,-14552,-384,-11136,-1340,472,-375,-16544,4992,10152,-358,1440,-254,130,139,going_down
410,-4844,-12716,14636,-1281,18098,17846,-19140,2316,-7572,-2926,25504,-1042,-15344,-520,872,-579,-366,95,-32768,32767,32767,857,960,-938,-9224,-1000,-32768,-1946,1010,-518,-13664,3784,9416,-989,1318,-354,124,139,going_down
411,-9748,-7800,11488,2245,20014,19994,-11596,1968,-15204,-1733,26028,-834,-14840,1520,1200,-395,-344,220,-16800,-3664,3168,-4196,-12250,4522,-17176,8832,-22408,-763,4054,62,-17760,2456,21496,-2862,-116,-161,120,128,going_down
412,-8824,-13484,14812,5343,23856,24960,-26172,1528,-13192,-223,26193,-926,-20312,-3128,9208,-151,-631,420,-3472,26616,29480,-2420,-6436,3698,-32768,-2032,21288,-1366,3213,-953,-28904,-912,-8016,-1791,1659,204,121,131,going_down
413,-7084,-16668,14768,7525,31136,32767,-32768,2064,-9476,-2878,28651,-2699,-26944,-7608,7736,214,-1997,395,-15816,22384,8312,-1407,-4346,631,-22760,13568,1976,-6,1535,198,-32768,-23920,11432,-1137,676,-256,123,137,going_down
414,-4516,-19496,17280,10903,32767,32767,-32768,2716,-1596,-10185,24211,-1535,-27336,-7224,7768,266,-2136,333,-11432,6256,10456,-866,-2310,345,-11032,6296,-12648,-1045,1524,646,-15488,-3440,-7104,3132,430,606,124,135,going_down
415,-32768,-24704,18880,7801,32767,32767,-2332,-10200,-16004,-9598,25412,-4244,-27864,1936,-6368,914,-3022,-902,-12656,3096,9496,-735,-2641,510,-21088,-5824,-8600,285,1662,-208,-6472,11608,-9832,4487,888,1091,121,131,going_down
416,-18588,-22508,20572,3129,32767,32767,6460,688,-30780,51,21933,3552,-20480,5912,-6664,478,-2348,-956,-10368,6608,15328,-930,-2261,523,-22272,3944,-6368,1551,1047,288,-21880,19600,7872,1580,-380,393,124,128,going_down
417,32767,-12040,7268,310,-4453,-16677,-11480,-2144,13384,-7225,7293,15207,-27624,4048,4000,-19,-2378,-881,-12600,9288,17624,70,-472,131,-32768,7632,-944,587,872,11,-32768,20744,8864,-2205,-98,-1060,123,123,going_down
418,-26200,-15636,9248,2563,-57,6271,-14540,5884,3856,5285,-7419,3152,-32768,360,-2560,-156,-1958,-991,-8328,5576,13096,193,415,-200,-18440,2760,-6272,251,1479,-294,-21168,280,2528,-3219,454,-1131,122,121,going_down
419,-4628,-30872,11952,18,-3836,-159,984,-652,-584,-3750,-18498,-227,-26968,5056,-2520,335,-1752,-1021,-11800,7656,9264,165,419,-38,-9304,9888,-11480,19,1851,-194,-15328,-800,-968,-1325,637,-65,121,133,going_down
420,9952,-7512,3316,1206,-16479,-16540,-3064,-2328,-1872,-4668,-30073,-875,-17984,5200,-3360,492,-1314,-849,-11448,8512,9688,37,351,-270,-10264,7208,-11912,-804,1355,-397,-10968,160,-88,234,873,1010,122,129,going_down
421,4228,-8712,2188,1450,-16775,-16521,-8992,-476,-1812,1639,-32768,-2264,-11584,5072,-5512,111,-818,-559,-11576,6312,10368,16,252,-310,-15896,320,-9288,-285,850,-419,-12176,48,656,822,757,761,122,127,going_down
422,2472,-8248,2132,1451,-13514,-13669,-5972,3288,-6156,657,-32768,-4033,-8112,6128,-5688,92,-637,-283,-11664,6296,10744,83,331,-382,-18656,-1320,-9072,821,635,-250,-17576,4880,2592,401,603,-69,121,115,going_down
423,-5680,-10916,4932,-1104,-9702,-14750,-7676,1872,-7124,-2441,-32768,-7952,-5728,5304,-5600,292,-459,-116,-10808,6312,11280,205,501,-465,-14960,1472,-6000,1412,766,-62,-19320,5040,648,-595,578,-252,123,127,going_down
424,-11676,-13296,9700,-4976,-9562,-20582,-9632,300,-10456,-5,-32768,-9742,-3312,4504,-7784,572,-79,151,-11632,6152,10456,262,568,-497,-12616,4024,-6016,962,1157,12,-17808,-1392,4032,-877,415,49,123,130,going_down
425,-13836,-13656,9608,-3706,-10482,-23334,-9156,952,-13768,2241,-32768,-9924,-2576,6448,-6496,572,287,365,-12056,4208,10752,310,636,-449,-12928,4232,-6000,329,1389,-143,-14008,-2128,6712,-437,343,294,123,122,going_down
426,-22804,-3428,7364,-3538,-6458,-21142,-12248,1764,-16636,4328,-32768,-11101,-3080,7272,-5120,717,422,620,-12128,5304,11208,302,723,-563,-14744,1856,-5872,175,1532,-147,-11264,-1592,6576,-31,379,305,120,121,going_down
427,-32768,3120,8572,-9065,-7645,-15185,-12548,-308,-21180,2708,-32768,-9577,-3848,5504,-3376,546,722,713,-11360,6000,10176,299,762,-645,-13000,192,-6768,505,1685,-113,-10288,328,3392,667,104,54,122,127,going_down
428,-32768,-472,6020,-11954,-9915,-13865,-13632,364,-25144,3621,-32768,-6338,-7312,3656,-1176,-210,1248,580,-12736,5256,8840,240,622,-647,-10272,1256,-9416,804,1861,-55,-10064,-240,3376,820,31,-84,123,127,going_down
429,-32768,1412,584,-6029,-6985,-15199,-16540,1404,-22624,890,-32378,-6452,-12288,1136,5280,-1142,1467,154,-15336,3664,8984,329,659,-629,-11784,3776,-9712,856,2060,-69,-11280,624,6592,1009,32,-37,122,126,going_down
430,-32768,13464,-4740,-2767,-1825,-10866,-14980,1316,-22704,-3466,-25595,-6131,-16504,-1752,6736,-1801,1804,-357,-11480,7400,11304,362,884,-960,-15856,3336,-7600,826,2237,-140,-14528,4376,2896,1232,55,42,123,121,going_down
431,-32768,16132,-4572,-8155,-428,-2308,-11472,-944,-21280,-6097,-17455,-4841,-16192,-2392,6368,-1882,1922,-390,-11496,7608,11264,347,922,-962,-10472,1200,-10792,800,2252,-235,-12552,4088,-136,1193,6,13,125,127,going_down
432,-32768,9480,-6736,-4805,563,1068,-13156,-1404,-18256,-2980,-9731,-4016,-15672,-1328,4520,-938,2264,139,-13992,3408,7448,318,975,-921,-7824,1424,-14344,659,2486,-203,-10192,4920,-264,873,122,43,124,119,going_down
433,-29364,9288,-8480,-771,5657,1614,-12812,160,-15424,1201,-1554,-1959,-15136,-4480,3672,-630,1710,308,-13984,3792,9232,272,1074,-972,-11112,200,-14424,523,2502,-513,-12584,8032,1936,908,225,-41,115,121,going_down
434,-27400,13140,-5644,174,9501,5917,-13180,1548,-12428,2109,4432,-2021,-18104,-4816,4680,38,1269,392,-13608,4704,10752,282,1408,-1129,-13256,760,-13904,615,2418,-580,-14752,7984,1872,509,322,-250,126,120,going_down
435,-32768,-14936,32767,-6625,-18226,2480,-14452,4612,-26052,2478,8705,-1503,-20352,1392,4968,-17,746,378,-15440,5608,10280,308,1824,-1565,-14248,928,-16624,583,2571,-563,-16816,3664,6656,-338,357,-303,128,133,going_down
436,32767,32767,-32768,10251,-20687,-5210,-18828,2652,-4256,-8148,24536,2645,-27432,1840,16304,-740,-951,415,-15904,6672,14576,724,2785,-2390,-25544,128,-15992,799,2877,-363,-20264,376,12400,-675,100,-278,127,129,going_down
437,7808,-1512,22564,1911,-32768,-21200,-32768,-1036,12488,726,16939,1053,-19744,3936,-5552,1809,799,104,-15416,9536,18496,1031,4454,-3524,-32768,-480,-16648,1375,3082,-184,-26400,3592,15960,-525,-431,-328,113,130,going_down
438,-5184,-4212,16896,34,-15416,-14328,-32768,-1536,18936,7168,15299,773,-27352,18768,3696,1180,1004,531,-6992,14400,18504,783,6853,-5524,-32768,2056,-8888,1998,2705,-232,-28744,4256,13328,-261,-1505,-604,121,126,going_down
439,-6672,-7128,14800,756,-14307,-11564,-20468,-3944,-8440,11012,13282,-1776,-22352,4976,8768,-370,927,-310,2168,3960,13824,-186,7921,-7396,-26120,4712,1552,1861,1576,-38,-29600,4456,5384,27,-2070,-728,123,122,going_down
440,-5940,-11484,13180,2415,-12399,-11389,-21820,-2560,-6320,23150,12228,9280,-17760,-8408,-4816,-789,1817,-901,-32768,10304,7424,79,7395,-5278,-720,3720,-24160,389,1501,50,-25968,3960,-4664,455,-2144,-479,131,123,going_down
441,-8804,-18584,7952,2590,-10437,-9639,-18692,-8192,-3224,18700,10757,5459,-17000,-9632,-8512,-529,1406,-248,-32768,32767,30512,-3587,-1877,3016,1272,5200,1000,956,1577,-1549,-23104,4304,344,578,-2043,-204,120,127,going_down
442,-8056,-16432,8712,3176,-6668,-4188,-21020,-4664,-7452,4629,7410,-1700,-21168,-6024,-7272,778,488,664,32767,-6112,32767,-484,-105,-1269,-19144,3384,9480,-1059,-1311,-278,-23616,4536,3072,481,-2028,-147,120,125,going_down
443,-6676,-11036,11116,3569,-4201,-1448,-18600,1324,-9400,-8094,9007,-1751,-21736,-16,-6680,1743,503,1020,10544,18560,19256,-228,-1895,-727,-4688,-24,1344,-1014,-2125,-667,-24656,8112,-2104,-602,-1681,561,119,124,going_down
444,-5000,-8528,13104,647,-485,-96,-20064,2212,-6996,-9693,8166,-2128,-20288,7544,-1040,2062,653,365,11584,13216,14256,-1016,-1852,375,-5712,2144,1808,-508,-3809,-243,-19312,6280,-3032,-1292,-1406,598,121,125,going_down
445,-4880,-8512,13008,-2837,3232,1721,-19720,256,-5124,-6079,8005,-1610,-18696,9336,2312,1193,914,37,-2208,15608,11392,-1538,-2000,687,-10600,4936,-4280,-1406,-4755,387,-14048,3512,-5840,-1416,-868,518,119,130,going_down
446,-5648,-10436,11744,-4310,5331,3043,-16644,-2752,-4412,-1713,8605,153,-15256,7488,4136,-596,1238,-30,-12880,11816,10376,-1897,-2173,1330,-8760,2456,-8112,-1813,-5380,136,-9088,-272,-7448,-1587,-596,179,119,129,going_down
447,-6404,-10964,11028,-4923,6857,4499,-16240,-1568,-4092,92,8787,427,-13464,5256,2696,-1706,877,-68,-17640,7216,10112,-1315,-2338,1844,-11536,3904,-10272,-1599,-5793,282,-7640,-568,-8352,-1711,-204,-123,121,130,going_down
448,-7092,-10508,10616,-4704,7084,5314,-14088,160,-4648,-2460,10792,-354,-13952,1864,168,-1955,582,-25,-20776,8832,8552,-775,-2352,1751,-13472,3608,-12288,-1800,-6126,815,-8224,-256,-7408,-1778,101,-113,120,131,going_down
449,-7800,-10104,10040,-3573,6077,5779,-12348,596,-6512,-6877,12466,-2155,-13160,-1128,-1840,-1834,453,-177,-25304,7536,3352,-485,-1926,2269,-16848,4264,-13224,-2166,-6193,982,-7384,-208,-6208,-1652,343,-88,117,125,going_down
450,-7356,-10112,10128,-3507,5933,5785,-12108,-1088,-6924,-9302,13423,-2849,-13552,-952,-2808,-1165,225,-181,-29280,3032,1144,-49,-1236,2102,-19616,1952,-15712,-2263,-6332,990,-7472,-1440,-4152,-1133,746,-188,127,129,going_down
451,-8244,-9772,9408,-3067,3474,5611,-11644,-2272,-7312,-8524,13909,-2675,-11936,-888,-1952,-747,-126,-87,-32768,-368,-528,326,-1130,1941,-16848,1704,-18128,-2085,-6099,715,-7400,-2944,-1224,-1007,835,-259,122,130,going_down
452,-8172,-9180,8940,-2496,1905,5432,-10364,-2492,-8360,-5963,14163,-1543,-8928,-360,-2064,-717,90,123,-32768,-4808,-5952,183,-1853,1844,-18232,-240,-18136,-1434,-4998,578,-8192,-2368,2896,-1203,759,35,113,129,going_down
453,-8836,-8496,9640,-2096,1209,5211,-11412,-3084,-9512,-1801,13679,-553,-11536,432,-2424,-1043,411,166,-28544,-6832,-15616,372,-1436,1918,-21120,232,-15216,-330,-4707,623,-8760,-232,8592,-643,648,431,135,125,going_down
454,-8556,-8452,9796,-1733,1033,5290,-11860,-628,-9868,686,14015,705,-12856,1728,-1856,-762,754,123,-27488,-5936,-16752,342,-1238,1920,-18232,3208,-14336,-430,-4056,581,-11112,-2392,11736,57,951,898,125,130,going_down
455,-9448,-8692,9640,-1965,908,5733,-11384,600,-11144,-637,14906,83,-13104,480,968,-606,866,267,-30728,-1832,-24576,-1882,457,1821,-14032,8080,-15912,-1354,-3027,257,-17680,-2256,14008,438,1211,997,154,137,going_down
456,-8512,-10524,10344,-2973,2623,7213,-15196,312,-9400,-3372,16369,-1242,-14336,-640,1304,-458,815,289,-24168,-9432,-26984,-2596,-170,1218,-8488,8056,-13488,-2630,-1427,-13,-19920,1664,14400,51,319,678,121,131,going_down
457,-9464,-10508,10772,-2754,5777,10741,-16456,-284,-10844,-4124,18004,-1650,-15920,-376,2704,-586,738,372,-15136,-12808,-25544,-2425,-312,523,-7168,3024,-13784,-3746,5,-167,-16480,3816,13040,-848,-252,94,121,135,going_down
458,-9204,-11628,10980,-1546,9053,13419,-16372,168,-10096,-4892,20617,-1672,-14816,-776,4272,-425,630,376,-11216,-10632,-24600,-2066,678,152,-13192,-2288,-10592,-3338,1031,-186,-15368,5456,10368,-1029,-85,282,125,133,going_down
459,-10084,-11960,11988,-295,13150,17763,-19052,-20,-10824,-4932,22860,-1990,-15760,-2392,5904,-650,519,461,-7984,-7504,-20320,-2204,2181,-295,-13216,-3576,-9288,-2288,1674,-166,-16232,3664,6304,-817,305,464,118,151,walking
460,-7632,-14580,13220,2963,17684,23243,-21480,1756,-9936,-5380,26396,-2519,-17344,-744,7520,-548,-77,417,-32768,24776,22720,2171,3510,31,-5848,-6088,-32768,-2282,2236,-13,-15960,72,8304,-956,484,319,132,123,walking
461,-10016,-11844,13280,4392,22335,31094,-23244,1964,-10148,-6658,29002,-3883,-17016,1160,8432,-488,-334,492,-32768,-32768,-32768,-3949,-11365,3986,-14080,10320,-32768,1426,5398,678,-10584,-4720,20648,-3011,-2340,-508,127,109,walking
462,-6480,-16068,17364,7295,30800,32767,-32768,2596,-7740,-10386,31064,-5386,-28496,-4200,8424,-554,-1159,411,-2752,30680,32767,-2526,-5506,3037,-32768,4920,9832,1094,4584,568,-18528,1056,-31960,1810,1871,72,125,128,walking
463,-7828,-17132,14324,8704,32767,32767,-32768,2872,-2108,-21674,29644,-4519,-28224,-4888,8000,-507,-1277,371,-14944,4640,8032,-994,-3524,989,-14984,10088,-5920,1047,2577,425,-25496,-11056,12480,303,-647,-150,123,129,walking
464,-24184,-30460,26576,6700,32767,32767,-11312,-7804,52,-31342,19170,-9323,-24528,-896,-5232,94,-2715,-585,-10152,6968,10592,-597,-3014,586,-5880,1088,-13128,-2200,2393,-189,-20144,13096,-13472,2491,691,603,123,121,walking
465,1540,-15704,30796,-20545,30014,32767,-14944,-1100,-2856,-19151,18711,8893,-25440,1448,-6472,178,-2497,-1103,-11624,7216,9832,-699,-2912,706,-12312,8512,-16688,-2222,2283,-565,-20248,15512,-1888,412,836,921,122,133,walking
466,-27324,-32768,23156,-17908,-11761,32767,-14704,-5276,4528,-4081,3804,6064,-32768,5304,-3864,111,-2700,-1146,-8968,10728,19032,-116,-219,52,-32768,-7032,-7808,307,1376,890,-32768,15016,5096,-2565,289,-248,121,120,walking
467,32767,-28540,-6548,23265,-26115,-14229,-12048,592,508,4909,-10869,-109,-32768,2384,-4400,13,-2809,-1174,-11528,3872,13192,272,598,-127,-20160,480,-13736,1894,1453,209,-23328,-3472,-2496,-2322,1171,-743,122,124,walking
468,12384,-9324,-3504,-3353,-11823,-23470,-9096,-420,-6712,2153,-22625,-337,-32216,2368,-6544,476,-2670,-1793,-7792,9160,-3536,509,900,-46,-13936,10584,-15880,1412,1386,-70,-16960,-1248,-6032,-97,1034,-23,122,133,walking
469,-644,-23684,10812,3864,-18768,-32768,-9968,-5280,-5996,11932,-32768,-2861,-26752,8640,-6832,588,-2482,-1687,-13208,5872,8944,310,827,-352,-10896,10648,-20672,15,1204,381,-15312,6624,-7408,1334,927,-137,125,132,walking
470,-2268,-8960,13724,-6327,-24058,-32768,-10048,-3716,-6584,14248,-32768,-2760,-21904,10168,-6792,108,-2011,-1316,-11456,6568,9064,260,658,-354,-12904,3832,-14080,-247,626,-211,-15984,9520,-6584,1039,1424,200,124,124,walking
471,-11184,-14880,20184,-8025,-32768,-32768,-13416,5072,-12944,11130,-32768,-193,-17136,8504,-6824,-204,-1295,-1210,-12424,6040,9072,222,531,-395,-15336,2032,-11312,147,193,-329,-19168,7304,-4768,2,1869,189,125,127,walking
472,-14396,-14736,18012,-14362,-32768,-32768,-15304,7652,-14908,885,-32768,-4088,-12024,5456,-6616,159,-734,-1100,-12168,6448,9368,265,443,-453,-14944,1136,-9568,618,-70,-123,-17656,4128,-3736,-696,2104,54,125,135,walking
473,-17288,-15632,20840,-15841,-32768,-32768,-17148,7496,-14836,-8316,-32768,-8316,-11144,5256,-6704,284,-673,-1047,-12248,6224,9640,328,400,-497,-14568,1440,-8096,855,95,91,-17816,768,-2560,-922,2213,241,125,128,walking
474,-20844,-18008,24508,-17448,-32768,-32768,-18960,5824,-16124,-13395,-32768,-13033,-3760,6648,-5168,1313,-334,-83,-12576,6096,9488,352,417,-549,-14576,2696,-7056,786,82,137,-16688,-1952,752,-481,2106,92,121,130,walking
475,-25696,-12832,25056,-20175,-32768,-30168,-22316,2744,-14704,-15798,-32768,-17245,-2832,7952,-2608,1137,-334,287,-12048,5904,9912,373,527,-632,-15408,1768,-5272,704,119,158,-14696,-4144,2936,461,1932,-110,121,129,walking
476,-27860,-13764,24096,-24601,-32768,-21940,-23856,2504,-16012,-13141,-32768,-21074,-3360,10312,-448,633,-337,394,-12600,5776,9136,392,640,-724,-15136,1784,-4792,862,324,125,-14848,-2256,5072,1045,1669,-135,125,127,walking
477,-28004,-10756,24824,-28586,-30591,-17717,-23688,2648,-16448,-10455,-32768,-21659,-5920,11552,2720,-697,-162,352,-12760,5872,9384,421,731,-775,-14632,3480,-4120,848,654,96,-16664,1792,7272,1224,1579,68,119,128,walking
478,-26944,-6804,24736,-29064,-25860,-14931,-22960,6088,-17484,-8598,-32768,-19792,-10488,9616,6896,-2764,390,100,-12736,4848,9712,378,879,-809,-15464,3160,-4696,401,896,20,-16656,3464,4656,1333,1615,397,121,131,walking
479,-28572,-6240,24292,-20607,-16357,-14724,-19188,5804,-18876,-9576,-32768,-15947,-12696,1752,10016,-3693,1151,-462,-13024,4256,10344,366,1193,-830,-15640,3032,-4952,344,934,6,-16176,2976,2008,1236,1627,280,126,123,walking
480,-32768,10020,18072,-15166,-10315,-11414,-13232,6364,-21436,-8554,-25978,-11513,-17032,-8496,9792,-4169,1546,-1085,-13432,3456,10664,413,1645,-855,-18680,-488,-5360,159,1328,-257,-16928,4792,4080,490,1556,-14,139,129,walking
481,-32768,16892,15632,-7263,-6267,-2105,-8324,3592,-23200,-4774,-12996,-5974,-21632,-22376,6160,-3469,1484,-1393,-13912,4736,10296,497,2170,-869,-18168,1752,-4464,95,1617,-431,-17248,4344,5504,-306,1530,-143,109,125,walking
482,-32768,22180,3628,-4653,-4326,-1876,-6868,7424,-22688,-4240,2421,-525,-21240,-23672,6008,-1978,719,-858,-13816,6104,11056,700,2990,-1137,-20480,2600,-2976,-135,1958,-474,-20304,-1016,10312,-1009,1294,-60,120,128,walking
483,21088,32767,-2716,24279,30403,32767,-32568,3584,-18536,-9851,21412,-1897,-32768,-12896,31576,-801,-2243,148,-13224,9200,13824,987,4443,-1670,-31248,7304,-608,57,2396,-600,-29360,4104,13944,-60,428,-226,121,135,walking
484,-29788,-32768,32767,2441,9962,22415,-32768,17868,6596,-6215,24276,3868,-14040,-4664,-14080,4904,-1557,1014,-9664,11864,13432,1392,6556,-3177,-32768,3160,2392,125,2571,-670,-32056,4376,7256,414,-585,-538,117,139,walking
485,-3868,-27664,5024,15329,2130,4622,-9224,-22008,-8888,-10368,25004,-302,-12792,14328,-11352,5343,-228,812,-10416,9680,13136,1785,8143,-4746,-32768,-3064,12448,1688,2064,72,-23216,-2392,10080,-461,-1450,-1088,120,126,walking
486,-2140,-14600,10816,20298,-1752,4450,-8116,-21280,-10656,31344,13798,6360,-3944,10768,-12744,1899,271,-679,-32768,-11280,8144,2466,9184,-2897,-20800,-5608,-12712,2194,2989,139,-23200,536,8224,185,-2535,-1090,120,129,walking
487,-4048,-5908,13456,15735,667,2509,-20528,2348,-15316,32767,1553,14040,-10184,10080,-6832,103,1467,-1285,-32768,26400,4016,782,5264,-890,-32072,9944,-20392,3704,3644,-1401,-23864,9424,-6048,1695,-2871,-574,119,128,walking
488,-6316,-7484,12824,7744,324,862,-25960,28736,-16948,5040,8127,-1661,-20424,11240,-11440,-2210,1623,-520,-14344,22640,19264,-1322,-233,1862,-20712,20216,-7440,1352,2450,-1390,-27512,12328,-14200,1352,-3075,287,125,127,walking
489,-5152,-10300,11652,2988,1387,1095,-6436,-52,-5596,-31635,11949,-11947,-22776,2728,-7216,-2020,1545,759,-11416,5864,30448,224,-752,-1254,-16744,8000,-1448,-1584,1408,-1318,-26408,10616,-8352,-810,-3452,260,122,128,walking
490,-5044,-11692,10972,617,1648,707,-20548,-16428,-3720,-15980,5364,-9734,-18776,-368,-5440,-889,1609,1068,-31320,13256,12736,-242,-3679,-2464,-14616,1544,-2352,-1746,423,-1798,-25632,11576,-5408,-1850,-3348,437,124,125,walking
491,-5364,-11832,10604,-291,2463,1666,-18660,-6560,-2812,3843,2096,-1407,-16528,-6552,-4768,-865,1735,652,-5904,13872,14248,-1259,-3963,-2029,-9392,616,-4424,-985,-681,-1495,-21968,12640,-6680,-1733,-3047,610,125,121,walking
492,-4800,-10684,11172,-701,3217,1812,-15152,-2984,-2156,3100,2365,-178,-15856,-6640,-2792,-609,1142,-16,-2912,13472,9280,-2478,-4426,-1423,-5992,1208,-5008,-187,-1583,-1847,-17368,12040,-9776,-2112,-2781,682,125,127,walking
493,-5476,-11200,10636,-1336,3377,1862,-16016,-4552,-2216,1856,1588,457,-15952,-3064,-1408,-779,823,-47,-5568,14800,7776,-2862,-4734,5,-5112,3552,-6720,8,-2519,-2161,-14160,13048,-11000,-2387,-2371,585,120,130,walking
494,-5860,-11152,10196,-1623,3167,2083,-14964,-3900,-2400,844,982,-529,-14496,-624,-824,-600,1135,182,-2872,13128,3208,-3194,-5172,1376,-5352,5016,-6416,378,-3776,-2002,-12160,14320,-13688,-3192,-1965,584,118,127,walking
495,-5796,-11360,10368,-1901,2880,2283,-15904,-2360,-1464,-4008,1592,-2263,-17312,3464,96,-877,1415,-233,-9904,14336,-160,-3184,-5227,2036,-4744,9984,-10408,-159,-4373,-1977,-10800,14616,-14280,-4115,-1283,519,121,130,walking
496,-6368,-11940,10172,-2328,2815,3108,-15808,-4192,24,-8726,2812,-2568,-19264,4504,1688,-2372,1371,-226,-13448,17368,-1576,-3003,-5602,2521,-4368,14832,-12976,-1147,-4970,-1849,-9816,12464,-13488,-4528,-962,221,123,127,walking
497,-5936,-11432,9904,-2065,2632,3511,-15208,-5120,-244,-9287,3624,-2444,-17248,-1400,-816,-3015,1078,-216,-18816,24312,-6344,-3073,-5275,2759,-7776,17024,-15888,-2666,-5275,-1727,-9416,9808,-13120,-4861,-606,196,121,129,walking
498,-6104,-10504,10296,-1964,2682,3441,-15064,-4060,-1124,-6408,4295,-1656,-15264,-7360,-3048,-2319,707,-264,-23760,29752,-9520,-3556,-4648,3563,-11320,16112,-18856,-4009,-5140,-1666,-10176,4384,-12424,-5026,14,513,124,127,walking
499,-6276,-10452,10464,-2086,2689,3485,-15220,-3072,-1724,-4571,5081,-887,-16200,-6544,-1512,-2167,378,-289,-23960,32767,-11536,-3967,-3313,5177,-14048,17208,-19400,-4977,-4901,-1759,-11992,48,-8680,-4454,187,802,120,124,walking
500,-6676,-10484,9996,-2441,2874,2986,-15572,-3544,-2168,-3480,5730,-665,-16344,-5928,-1320,-2163,326,-283,-24672,32767,-10112,-4469,-1900,6420,-15624,19872,-18592,-6111,-4634,-1809,-14168,-1088,-5216,-3646,568,1051,123,129,walking
501,-6840,-10888,9676,-2375,2902,3046,-15396,-3416,-3116,-3138,6031,-1067,-15928,5080,400,-1828,476,-555,-25184,30288,-7568,-4670,-522,6677,-18752,18584,-17368,-7077,-4334,-1730,-15768,-408,-3904,-3906,877,1043,121,131,walking
502,-7304,-11216,9268,-3260,2658,3291,-15340,-3428,-3280,-3078,6150,-1104,-15152,3880,-2400,-2370,362,-574,-30032,28560,-3688,-4100,329,6647,-19160,12824,-16504,-7173,-3929,-1650,-16296,-1040,-2744,-4656,832,960,121,129,walking
503,-7004,-11676,9576,-4025,2508,3614,-15472,-2128,-3624,-7415,7128,-3132,-14720,-712,-4368,-2635,182,-298,-27968,24880,-2400,-4224,67,5970,-20064,9240,-11928,-5886,-3456,-1263,-16128,-2712,-912,-4895,794,727,122,127,walking
504,-7344,-10208,9256,-4206,2595,4122,-15268,-2084,-5276,-9963,7214,-4805,-14496,-1744,-2120,-2423,352,-164,-20096,18424,1968,-3441,0,4863,-19192,10448,-9976,-4441,-3404,-574,-16120,-3800,5328,-4901,222,496,121,131,walking
505,-7828,-10540,9112,-3917,2899,4332,-15064,-3148,-4936,-10555,7414,-4909,-15504,-1000,-2608,-2221,502,-158,-20680,15056,1584,-3314,-24,4755,-18136,6296,-11376,-3756,-2977,-173,-16064,-5952,5232,-4570,-102,217,122,131,walking
506,-7400,-10292,9312,-3441,3652,4706,-15256,-4000,-5600,-7857,6777,-4885,-16248,-816,-3328,-1896,653,-50,-25464,7032,-672,-1684,-904,3470,-15104,2048,-13096,-2680,-2626,498,-15328,-6744,5504,-3438,-49,196,121,128,walking
507,-7972,-10580,9284,-3875,3975,5015,-15172,-3680,-4872,-5531,6702,-3863,-15352,-1816,-2808,-1451,603,79,-23328,6248,-3096,-217,-522,2856,-14120,2256,-11240,-1181,-2087,714,-16032,-6880,6448,-2614,-301,90,121,128,walking
508,-8520,-11172,8448,-4126,4894,5932,-15748,-4020,-5220,-4817,6638,-4318,-15792,-976,-408,-1121,694,66,-24656,5008,-3856,-848,-706,1868,-12064,4152,-11120,-1121,-1420,680,-16456,-5184,9920,-1819,-709,165,122,131,walking
509,-9268,-11176,8328,-4879,5896,7722,-15516,-3080,-4604,-6218,7216,-5094,-15584,368,56,-1185,720,-32,-22376,1824,-5816,-557,-297,1255,-12248,3552,-11024,-1216,-681,524,-17224,-1760,12656,-491,-1037,426,122,126,walking
510,-8172,-12140,8680,-5491,6669,8920,-16184,-3116,-4308,-8260,7862,-6219,-14104,608,-56,-1760,849,-100,-21320,3720,-6680,-557,176,806,-11496,2568,-10048,-1308,175,412,-17208,888,9176,626,-836,584,123,144,walking
511,-8932,-10576,8340,-6031,7863,10371,-16648,-2732,-5292,-9667,8593,-6971,-17072,2024,1640,-1829,924,-190,-19632,3200,-3808,-478,615,578,-10600,2400,-10456,-1343,844,311,-16264,1448,5056,1322,-210,533,122,140,walking
512,-9216,-10936,8596,-7662,9845,12866,-17364,-2128,-4940,-11117,9460,-7680,-17392,1888,2480,-1922,733,-54,-18024,3712,-1120,-191,521,253,-11168,1032,-8488,-1109,1189,359,-13304,3424,6864,1114,178,720,121,125,walking
513,-8748,-11440,7788,-9460,13048,15693,-18704,-796,-3956,-13969,10632,-9504,-17672,1808,2928,-1926,721,-40,-3816,-5136,-184,460,2053,-1210,-15536,-10568,-8592,-999,1291,615,208,2864,-6928,1073,916,662,121,132,walking
514,-10088,-11620,7668,-14347,17351,20378,-20868,1060,-2032,-20765,12917,-12123,-18504,3664,10800,-2403,90,-178,-27888,14280,21880,290,3893,490,-32768,-7736,-10720,72,2398,160,-24880,12792,20248,-1753,-1665,956,121,127,walking
515,-9976,-11912,8572,-15145,18507,21682,-27828,3428,144,-29701,14984,-15964,-25120,1728,15040,-3002,-1032,-413,32767,26048,15400,212,-1948,-2831,-25608,13192,-8576,336,2272,545,-30656,-3200,-8464,-2780,1914,-311,120,123,walking
516,-19900,-2788,-14064,-32768,32767,32767,-26896,10880,364,-32768,17836,-19164,-23408,6952,4344,-3437,-2293,-654,-15736,6232,15272,-639,-1384,112,-6176,736,-13336,-2240,2146,480,-17560,-5696,-7600,-285,1232,177,121,137,walking
517,-32768,-32768,32767,-32768,26626,32767,-21660,-7208,-22080,-32768,28344,-23413,-22256,7976,-4176,-4592,-2299,-159,-10424,14256,10024,-104,143,319,-17376,2304,-10464,-2406,1683,-242,-6704,2952,-3072,-1,1472,971,120,125,walking
518,-22644,-32768,14184,-32768,9133,32767,-26716,-16644,-7472,-32768,25658,-15745,-27608,7392,-8208,-4569,-2309,-689,-9560,9744,11536,20,167,389,-23272,-5744,-7296,-1456,996,125,-11552,8800,-6976,-534,1287,855,120,125,walking
519,-24004,-30356,32767,-32768,-6778,30088,-22640,-5100,-13268,-14799,16909,-7747,-28600,7760,-11904,-3170,-2403,-1645,-10896,6744,11256,102,35,203,-14344,776,-8272,1051,761,582,-21912,8072,-5696,-1174,1193,-95,120,131,walking
520,-2832,-23320,13772,-22646,-29966,9762,-18048,3804,-3500,-16637,8875,-9534,-26024,5112,-8392,-1374,-2539,-1399,-9616,6936,12096,146,-90,25,-16352,6272,-4896,1138,663,599,-20840,3192,-2456,-1078,1310,-225,121,120,walking
521,3124,-14656,5092,-18649,-22610,-2453,-10064,4260,-3712,-17476,1828,-12986,-22288,5520,-3568,-557,-2846,-1137,-9896,6264,12472,188,-33,-98,-17192,3504,-4624,328,438,304,-16552,1208,328,-459,1497,-221,123,133,walking
522,3332,-7148,10868,-22103,-20356,-9515,-6044,5456,-3308,-17226,-3847,-14106,-19496,7168,-3040,-787,-2481,-1375,-9912,5840,12368,170,87,-92,-17352,-144,-4136,188,460,83,-14536,544,184,-386,1505,-74,124,132,walking
523,92,-3272,16992,-23297,-25896,-11906,-7228,7276,-3448,-18674,-9549,-15147,-15768,9216,-2968,-1221,-2003,-1123,-10112,6216,11704,103,144,-34,-15848,928,-3896,383,465,142,-14784,656,152,-252,1610,75,125,133,walking
524,-1216,-1728,18408,-20499,-31317,-12467,-8140,8680,-1832,-16229,-15477,-17213,-13728,9264,-3128,-1479,-1837,-549,-10000,6304,11664,57,111,-29,-15144,3456,-3528,141,514,130,-15400,2040,256,-181,1741,181,124,133,walking
525,-948,-864,17352,-17464,-32768,-12920,-8680,11132,-2472,-15078,-20496,-17561,-12240,7480,-3984,-1685,-1844,-225,-10112,6968,11200,37,10,-113,-15312,3032,-3864,-122,528,0,-16216,2656,728,-62,1796,55,122,128,walking
526,-1288,-2392,17516,-17830,-32768,-15171,-9236,10400,-3536,-15954,-24405,-17882,-11896,4440,-4568,-1647,-1801,-157,-10160,6312,11600,-18,-79,-192,-14928,1512,-3640,-18,570,-7,-16576,1728,-256,165,1776,27,121,126,walking
527,-1376,-3360,16960,-19282,-32768,-18003,-10952,9044,-3592,-12406,-28969,-17501,-12272,2056,-4088,-1181,-1784,-82,-10312,6192,11656,-82,-130,-229,-15360,936,-3944,148,637,18,-15464,2392,-1240,-46,1531,68,123,128,walking
528,-3248,-5244,20244,-19262,-32768,-22134,-13288,8640,-4792,-6896,-32768,-15296,-12160,192,-3528,-558,-1676,81,-9920,6120,11480,-92,-125,-218,-15200,2032,-4136,251,705,-13,-14520,3752,-1232,-446,1346,38,123,130,walking
529,-7912,-2544,22940,-16877,-32376,-23300,-14384,9396,-6488,-4513,-32768,-12678,-10528,-720,-2248,-23,-1390,223,-9672,6384,12032,-171,-105,-210,-15736,3312,-5136,-38,757,-75,-16096,4168,-1376,-645,1296,-112,122,127,walking
530,-11424,-2356,23184,-16087,-32768,-20074,-14380,10984,-7776,-6346,-32768,-10995,-8456,1232,-1576,265,-965,245,-9920,6120,12280,-158,-25,-250,-16536,1424,-6216,-281,759,-147,-16720,2896,-3576,-401,1448,-240,124,129,walking
531,-11004,-6476,22688,-13199,-32768,-18797,-15668,11652,-9228,-12200,-32768,-11229,-7744,3008,-1168,-298,-420,209,-9968,5488,12448,-103,81,-274,-17208,-272,-6376,-90,752,-123,-16816,528,-3800,-347,1544,-151,124,128,walking
532,-13848,-7632,23268,-11757,-30918,-21345,-18876,8316,-8964,-15797,-32768,-11194,-8784,3272,-584,-1313,121,239,-10000,5616,12592,-31,229,-277,-16832,424,-5816,223,750,-60,-16744,-96,-3168,-535,1492,-24,126,128,walking
533,-14564,-8244,22884,-11642,-30870,-21504,-21976,4160,-9972,-11261,-32768,-11359,-10080,3072,456,-1970,596,218,-10016,5880,13072,14,419,-347,-17048,1688,-4744,230,806,-79,-17192,-792,-1744,-685,1485,69,128,129,walking
534,-19916,-7672,23568,-8357,-26867,-18145,-22580,2736,-10852,-5015,-32768,-9269,-10840,2280,768,-2157,1013,181,-10888,5912,12632,-14,693,-431,-17152,1816,-5272,-23,931,-185,-17600,-800,-1128,-421,1334,115,125,128,walking
535,-23416,-10116,20616,-4456,-26005,-14243,-20356,3280,-13508,-1067,-32768,-6269,-13472,432,1328,-1917,1248,390,-10480,4472,12832,-94,1077,-487,-18112,536,-4488,-140,1102,-298,-18440,256,-1312,147,1036,35,124,128,walking
536,-25160,-9004,14992,-4201,-20395,-13961,-22752,1172,-13640,-1541,-32768,-4806,-16736,-3656,5864,-1415,1097,736,-10000,6352,13456,-199,1588,-607,-18056,688,-4864,-126,1255,-359,-18520,2712,-216,251,816,-131,119,129,walking
537,-32768,-10152,11824,-3162,-16370,-19094,-19072,-652,-14960,231,-26524,-2161,-19672,-7512,11840,-658,883,878,-12000,3664,12800,-200,2098,-758,-18752,1224,-5272,-114,1427,-447,-18312,2792,-544,193,769,-120,120,128,walking
538,-32768,4940,-5132,-55,-9170,-12897,-15492,-344,-15332,1668,-17771,-3334,-20816,-8528,14664,-68,655,888,-11544,5680,12992,-37,2731,-1014,-19536,1096,-4752,-214,1599,-546,-18896,2512,480,134,740,-98,118,128,walking
539,-32768,13036,2100,-7086,-493,-4183,-8480,-760,-14904,-4395,-5791,-1873,-20640,-8936,11200,954,756,469,-13640,5032,12048,79,3427,-1315,-19512,1488,-4304,-237,1775,-686,-19320,3744,696,115,699,-220,122,128,walking
540,-32768,11056,-3792,-343,3542,6722,-8264,-2844,-14768,-656,4311,-516,-18256,-6664,5168,1901,977,27,-11976,5656,12344,204,4316,-1497,-19640,1800,-3456,-314,1956,-830,-18728,4656,2136,154,506,-362,125,129,walking
541,-5428,-3104,800,8294,15801,8596,-12356,-3996,-11100,-29,13556,1053,-14448,-2736,1664,1561,1177,113,-9312,6248,12920,-52,4580,-1871,-20032,2808,-2608,-282,2173,-867,-18848,4856,4936,-13,289,-383,122,129,walking
542,-6908,-32768,19612,14677,20552,20382,-32768,-3032,9364,16951,6150,-3464,-20688,4528,-2296,1230,1308,580,-13272,9240,10864,15,5517,-2417,-25584,7272,-2480,-225,2374,-951,-24728,4808,5968,-396,-96,-278,127,129,walking
543,-6580,-656,4108,-5966,6677,2745,-16352,1600,-9416,18918,10785,-3222,-31032,5712,1256,1934,1282,1158,-10592,9080,8928,311,6627,-3447,-29136,4472,1592,311,2365,-753,-25192,2384,7800,-444,-1111,-241,125,129,walking
544,-32768,220,32767,-1546,7265,10915,-10808,-2828,-192,12134,15548,4584,-23400,-416,1320,3578,1008,392,-16144,9272,9544,429,7534,-4966,-26360,1584,8288,1736,2098,-167,-16264,-6560,5288,-1219,-1876,-679,122,128,walking
545,-11944,-18672,9796,-784,565,1664,-23696,-5628,-2720,21844,10018,1880,-12328,3784,-520,2254,970,-718,-32768,8656,672,1350,6239,-3830,-15824,2272,-15784,2197,3259,-345,-21768,-3232,6952,677,-2221,-490,122,127,walking
546,-3568,-10136,12812,1432,718,613,-16192,2936,-5024,17417,9299,-148,-9168,10840,-6016,2,1262,-1085,-32768,15696,7704,-214,2575,-2518,-24392,14072,-15184,2009,3494,-980,-21160,6976,-5072,1930,-2863,-404,120,129,walking
547,-4172,-11240,10464,1205,474,108,-14216,2832,-3708,-2612,11214,-2240,-7360,9088,-9888,-1193,1199,-137,-648,31936,31200,-891,-1492,-721,-22952,9200,-6104,-4,2764,-1325,-25320,13528,-14816,2103,-2835,435,120,131,walking
548,-4780,-11888,10160,1364,-6,671,-16152,-1932,-3532,-9912,7917,-5981,-11648,-320,-12488,-1525,1065,577,-12072,3608,28480,-475,-390,-852,-16872,2192,-10432,-1325,2062,-1115,-22592,6568,-10248,-503,-3093,672,120,127,walking
549,-4724,-11136,10520,2329,229,986,-17040,-2924,-2996,-11125,6270,-4743,-16456,-8224,-10248,-693,1977,200,-14208,23344,12264,-997,-1354,174,-16992,1872,-1072,-127,899,-1320,-23176,7744,-4664,-2073,-3169,591,120,126,walking
550,-4796,-11376,10184,1941,404,861,-17724,-4936,-424,-5537,4837,-2755,-20104,-5712,-4320,-1137,2114,-456,-5864,10160,12496,-2205,-1924,379,-11568,4392,-3856,-150,35,-816,-22512,8120,-3328,-2159,-3160,798,120,125,walking
551,-5076,-11876,10200,2002,530,1011,-15332,-4400,1116,535,4411,65,-19864,1544,-2504,-360,647,54,-3696,7984,11648,-1546,-2494,1310,-7800,5104,-5664,-908,-526,-1197,-20224,7472,-4712,-2213,-3113,874,121,126,walking
552,-4724,-12580,9468,2936,334,1205,-15028,-2796,1732,-604,5383,693,-15224,-1296,-1064,334,175,315,-2848,7344,8464,-1470,-3182,1314,-9072,3192,-5616,-1131,-1400,-977,-17696,5520,-5984,-2729,-2994,589,121,126,walking
553,-4664,-11716,9832,4100,-133,1344,-15392,-592,712,-6183,6676,-1684,-14728,-1920,1952,-85,728,-93,-3864,8760,5448,-1350,-3541,1471,-8360,1312,-6968,-942,-2272,-594,-16720,4456,-5408,-2648,-2745,345,122,129,walking
554,-4552,-11064,10016,5826,-163,1517,-15640,-1452,-556,-10236,7486,-2457,-16808,3176,1656,-1281,969,-431,-5840,10944,4272,-1462,-3731,1939,-7616,2904,-7984,-861,-2909,-598,-16880,4624,-5072,-2188,-2621,213,122,131,walking
555,-4560,-13348,9984,5766,-361,1026,-15968,-3344,1472,-9022,8214,-1833,-17024,6288,-1464,-2220,817,-400,-7672,12584,3736,-1891,-3582,2791,-8224,5808,-9008,-1423,-3512,-586,-16704,6296,-6008,-2030,-2274,254,122,131,walking
556,-5552,-10696,11080,5165,-198,1212,-15840,-4124,-948,-5060,7711,-775,-14824,4080,-4000,-2084,577,-236,-11336,12832,3448,-2158,-3449,3389,-8456,7984,-10656,-2254,-4060,-712,-15616,6528,-6728,-2311,-1991,487,121,131,walking
557,-4956,-10520,11232,3551,-228,1203,-16148,-2500,-1212,-4455,7694,-79,-15032,-1088,-5136,-1752,708,-281,-14920,12352,4184,-2055,-3556,3583,-9408,6512,-12416,-2817,-4516,-718,-12928,4632,-6896,-2803,-1619,635,121,130,walking
558,-5088,-11220,10908,2465,-159,1406,-15668,-2372,-1176,-5987,8436,-689,-15392,-4592,-3336,-1694,759,-396,-17992,13232,4512,-1746,-3661,3601,-11384,4712,-13624,-2705,-4822,-535,-10000,2336,-5872,-2890,-1192,656,121,129,walking
559,-5160,-11464,10628,2115,-233,1559,-15284,-3056,-1012,-6451,9072,-717,-15840,-3680,-2392,-1641,603,-207,-19424,16080,2688,-1864,-3751,3638,-13536,4824,-13800,-2416,-4915,-331,-8792,48,-5352,-2416,-752,657,121,128,walking
560,-5060,-11692,10728,1326,206,2137,-16404,-3924,-2032,-4811,9192,-494,-15936,-936,-2144,-1504,523,13,-19624,16136,2192,-1944,-3216,3743,-16248,6240,-14072,-2389,-4957,-100,-9272,-2032,-3480,-1722,-381,624,121,126,walking
561,-5232,-11016,11208,400,1080,3024,-16844,-2800,-2844,-2595,9484,-183,-15912,1336,-2712,-1297,580,-63,-22352,17952,3480,-1900,-2544,3941,-16768,7248,-15280,-2803,-4947,-23,-10176,-3168,-2216,-1412,-11,652,122,129,walking
562,-4948,-10280,11692,-1208,2384,3936,-17212,-676,-3984,-1618,9715,-296,-16160,2136,-3064,-1115,563,-150,-28976,13192,5168,-2007,-2050,4053,-16160,6072,-16640,-3212,-4791,35,-11192,-2704,-248,-1515,78,637,122,132,walking
563,-5168,-10312,11808,-4219,3094,4757,-17384,-176,-4976,-2912,10016,-907,-15984,4760,-2776,-1167,608,-1,-30152,9928,2128,-1763,-1886,3817,-16488,3912,-17592,-3332,-4358,-88,-12936,-1984,1816,-1511,-195,409,123,131,walking
564,-6764,-10128,10984,-5583,5548,5605,-17424,-288,-3872,-4425,10670,-1916,-15712,5056,-1696,-1420,802,44,-32768,8672,-1584,-1566,-1455,3173,-18416,2912,-18480,-3140,-3812,-106,-13264,-736,4512,-1444,88,416,121,132,walking
565,-5384,-10620,11400,-6580,6612,6161,-16392,-1724,-4296,-4174,11108,-2799,-15456,2368,-1576,-1656,1023,27,-32768,9936,-5936,-2319,-1393,2397,-17688,4880,-19064,-2560,-3067,-135,-14680,-416,9656,-1198,544,672,122,135,walking
566,-5912,-10296,11016,-8132,7849,7018,-16424,-1696,-3360,-4361,12019,-2257,-15656,-672,-800,-1566,1054,-6,-32768,3216,-11984,-1987,-865,1929,-12448,4536,-20824,-2328,-2159,-10,-18928,1528,14776,-1254,285,768,121,146,walking
567,-5492,-11364,11020,-8088,9708,7535,-16572,-2608,-2588,-3188,13512,-2086,-16664,-2856,-32,-1381,1021,-55,-32768,2560,-13264,-1833,-809,1925,-9608,4328,-19072,-2034,-741,93,-20464,2312,14448,-1143,170,588,120,135,walking
568,-7132,-11336,10208,-7778,12584,9006,-17036,-2432,-2400,-2035,15343,-1684,-18176,-3608,2728,-1213,838,-92,-32768,-5568,-24544,381,1144,1017,-10504,1768,-18784,-1533,589,310,-17232,-312,21744,-835,88,380,123,126,walking
569,-7820,-12052,10328,-8402,15449,12494,-18328,-2512,-1508,-2253,18149,-1673,-18120,-3200,2992,-1175,512,-156,-3232,-27936,-7016,73,3575,-832,-24064,3496,-23584,-675,2334,657,-13328,3008,16704,21,299,389,122,121,walking
570,-7676,-13636,11868,-8780,18865,17566,-21808,-3464,-272,-3800,20689,-2046,-22152,-4216,3256,-1139,264,-270,-31872,3704,32767,492,1657,-1752,-32768,-9448,8232,59,2427,-294,-25448,5456,-11512,-68,952,451,123,131,walking
571,-8016,-16624,11836,-7086,22991,25648,-27832,-2596,-2016,-4147,22403,-2998,-26176,904,2912,-1326,-422,-522,-21568,1952,28976,833,1512,-1388,-12112,1008,-12080,979,2198,241,-18064,-11856,-5872,-1809,1223,-144,122,133,walking
572,-8464,-19584,7832,-9254,27494,32767,-29284,2824,-1088,-12108,22868,-6459,-23568,8432,19128,-488,-3042,-690,-16912,-11880,28952,-732,504,-707,-6024,14632,-9976,19,1606,942,-13568,936,928,79,441,-135,121,130,walking
573,-9372,-16860,10208,-15285,32767,32767,-28004,11396,3828,-30183,20776,-14283,-18816,20752,3448,-1497,-2250,-165,-16776,9272,10472,-433,87,44,-27440,104,-9360,-2440,1415,449,-15568,7496,-5320,368,1320,1023,122,122,walking
574,-24272,3140,1412,-32768,32767,32767,-14608,10388,-15684,-32768,23866,-15731,-22120,12656,-6528,-4484,-1959,-567,-12752,8624,10536,-80,-31,123,-20312,-4256,-7744,-983,1357,-155,-17208,4200,-5448,-318,1318,963,120,126,walking
575,-32768,-32768,29280,-32768,31933,32767,-21376,-6244,-14992,-32768,30446,-11639,-21520,6576,-15792,-4872,-1940,-1106,-11168,6304,11312,43,-73,179,-14864,3216,-7440,550,1063,245,-20336,3968,-2784,-354,1397,376,119,132,walking
576,-3560,-30480,26796,-25564,1123,32767,-24432,-14564,-12908,-32768,21452,-9604,-26056,168,-10144,-3647,-2053,-1846,-10496,6792,11712,63,-54,81,-15216,3072,-4256,215,739,414,-15592,6856,-2808,-248,1522,-125,119,131,walking
577,-2116,-26136,15556,-13370,-25775,14650,-14652,-5700,-40,-14914,9556,-1866,-23976,-64,-8016,-663,-2649,-1598,-10416,6624,11464,45,-4,58,-17176,2888,-4984,322,473,356,-15008,8896,-1080,-948,1424,-40,121,134,walking
578,1972,-14440,6304,-14208,-31120,10598,-11280,1348,-224,-9175,292,-6115,-21928,2088,-4928,571,-2855,-1262,-10496,5944,11312,13,27,16,-17776,3056,-4592,174,414,130,-16600,3720,-504,-1433,1681,168,123,130,walking
579,5912,-14992,6096,-13612,-28678,2628,-6368,3820,-2352,-8443,-6764,-10288,-19824,5632,-5568,455,-2806,-1352,-10496,5536,11864,9,15,45,-16824,552,-3824,65,385,64,-16560,-3776,232,-1337,1775,59,124,126,walking
580,6180,-14588,6352,-12442,-25964,-10678,-7324,4132,-2156,-6781,-12627,-11462,-16808,8872,-4624,-6,-2440,-1192,-10432,5848,11896,31,-4,75,-15768,928,-3344,139,405,164,-15832,-5288,-160,-632,1788,106,124,129,walking
581,6232,-14124,5908,-12417,-25419,-13080,-9504,4632,-1184,-423,-19700,-12899,-14952,9072,-4088,-869,-2196,-817,-10224,5416,11768,57,-24,112,-15640,504,-3376,191,354,258,-15616,-3560,568,197,1839,251,125,134,walking
582,1296,-10328,13140,-15434,-18403,-28301,-8844,7716,-3508,2642,-25972,-14738,-12720,6192,-4088,-1285,-1749,-628,-10168,5864,11528,85,-60,121,-16896,1416,-3320,500,335,319,-15496,-648,448,826,1828,170,124,128,walking
583,-1868,-5936,17424,-15482,-20415,-32660,-9944,9084,-3532,1704,-31355,-15617,-11128,4352,-4896,-1150,-1468,-474,-10544,6864,11296,106,-69,87,-16224,3288,-2768,769,344,270,-16216,1944,1112,1189,1822,-21,124,128,walking
584,-4632,-2504,21072,-17076,-22945,-31572,-12476,8328,-5048,2023,-32768,-14622,-9928,2040,-6288,-146,-1247,-406,-10280,6912,11352,70,-59,18,-15752,4688,-2800,795,338,252,-15648,5592,776,1185,2013,65,123,128,walking
585,-8936,-4344,23556,-15335,-27938,-29285,-13040,8108,-7168,3853,-32768,-11823,-9296,1064,-6504,689,-942,-308,-10368,6672,11008,30,-88,-45,-15712,4472,-2664,565,416,125,-15168,8704,1216,641,2143,302,124,127,walking
586,-12044,-5108,23356,-13957,-30927,-28007,-14836,10756,-9032,1404,-32768,-9660,-7880,2032,-4624,944,-638,-47,-10024,6872,11688,1,-105,-93,-16160,3752,-2120,361,520,2,-15824,8152,768,6,2037,117,122,127,walking
587,-12868,-5132,22932,-13796,-31296,-27767,-18200,11196,-9964,-6316,-32768,-11018,-6856,3888,-2312,665,-444,175,-10320,6464,11496,-14,-73,-145,-15824,2424,-2584,257,617,-37,-16656,3944,-120,-449,1767,-84,125,127,walking
588,-21288,-6324,22668,-12157,-29436,-20907,-19936,9520,-12564,-12332,-32768,-13161,-7840,5056,-672,-114,-144,339,-9888,6592,11424,-19,-37,-153,-16048,2768,-1368,316,755,-114,-16728,1176,504,-867,1534,-54,124,129,walking
589,-20756,-7012,21756,-13342,-28121,-16830,-21652,5616,-13960,-12208,-32768,-13825,-10104,5912,1176,-728,196,453,-9944,6496,12312,-3,60,-207,-16208,3520,-1072,163,940,-157,-18496,2280,2136,-867,1298,-49,123,130,walking
590,-24828,-8148,20704,-10914,-25502,-13043,-21428,3356,-14812,-8444,-32768,-12172,-13928,6000,3280,-1805,489,534,-10248,6536,11632,24,203,-249,-15912,3360,-1784,-36,1202,-262,-18376,2688,2704,-679,934,-63,123,128,walking
591,-29120,-7584,16320,-9777,-22382,-15336,-18956,2396,-16672,-4975,-32768,-9194,-18128,2896,5920,-2796,741,421,-10184,6576,12272,43,346,-295,-16376,2488,-2688,-120,1420,-334,-17144,920,2832,-420,851,112,124,131,walking
592,-31960,-6620,12576,-10350,-18093,-20290,-19012,1864,-16792,-1936,-27132,-6453,-18504,-1208,10256,-2802,1063,340,-10784,5296,12776,76,551,-365,-17240,1624,-2768,-15,1628,-390,-17568,-728,2008,-167,753,150,123,129,walking
593,-30648,12280,11276,-6246,-9865,-18413,-13032,5912,-17816,-2189,-18657,-2331,-18296,-2240,10480,-2727,1103,331,-10888,5464,12832,82,587,-372,-18016,1448,-3392,-25,1896,-569,-17392,208,3120,137,536,157,118,128,walking
594,-32768,10536,9936,2575,-9964,-7267,-12188,312,-16756,-2292,-8130,214,-15032,-11368,8864,-969,1037,58,-11328,6360,13584,185,1378,-717,-18432,2584,-4184,-216,2139,-693,-17624,2040,2240,423,401,104,119,129,walking
595,-32768,11904,-2200,3072,-2598,1575,-8696,3388,-17460,2108,2036,4318,-19168,-8000,1216,232,818,-391,-8904,11384,15112,207,1994,-1069,-19376,1376,-4752,-351,2385,-787,-18264,4152,1840,593,195,-88,124,128,walking
596,-32768,2180,-5256,5551,15344,15036,-10392,1084,-14836,-3034,13335,1965,-24352,-5736,3224,61,-164,-211,-10824,6040,14200,-99,2829,-1179,-20816,920,-4512,-228,2644,-802,-18208,5056,3264,313,-55,-247,129,129,walking
597,-12852,-10032,5440,4686,18750,10667,-18544,-4504,7892,-7742,15931,1909,-16336,-488,6176,-579,-340,190,-12800,7032,14520,141,3862,-1609,-24072,3200,-4320,170,2919,-796,-20640,6728,8056,-117,-641,-224,121,130,walking
598,-10372,-16288,18900,1099,17837,30637,-32768,7320,4152,16765,2943,-4823,-18624,3216,1416,-101,-675,563,-11072,15744,14736,587,5383,-2593,-31760,7176,-1208,567,3166,-789,-23488,-288,11352,-1906,-1723,-180,121,130,walking
599,32767,17568,-1952,16943,-727,4970,-16120,-5368,-16412,2523,11607,-876,-21912,6344,6088,3032,-177,1307,-8816,15040,16104,978,6819,-4572,-32768,3624,9104,1177,2755,-171,-25144,-8856,7688,-1074,-1773,-465,115,129,walking
600,-9824,-9364,14648,17955,1107,612,-14676,-6908,-1384,2013,17575,6716,-19536,-1424,-864,1925,311,-603,-23624,13776,15704,975,7432,-5792,-29752,3368,-2352,1374,3600,54,-24712,-6672,4624,404,-2883,-1089,116,128,walking
601,-6892,-11588,10724,7942,-325,759,-23616,-5608,-5036,17451,9927,2910,-15056,12232,-10992,297,1399,-928,-32768,8912,16768,742,6135,-3334,-24768,3848,-18880,1474,3822,-849,-24936,5064,-1760,1934,-3684,-1032,133,127,walking
602,-5860,-10840,10948,4085,-408,260,-12812,5436,-5348,6050,8325,-692,-10824,7496,-7248,-1222,1628,-157,-21088,32767,24992,-828,1863,-2119,-22800,11624,-10896,1775,3071,-1075,-29608,11912,-13808,3220,-3156,49,118,129,walking
603,-5144,-12288,10496,2345,-702,-133,-13748,-2164,-3572,-6632,8748,-2633,-14440,-6552,-5160,-1065,893,1132,-14184,5880,26760,-845,992,-1693,-14344,3520,-7928,-299,1782,-544,-28720,6168,-14280,1440,-3123,1049,116,129,walking
604,-4660,-9728,11468,1577,-252,323,-20156,-3208,-3072,-5164,6895,-2469,-17696,-9800,-4984,-141,360,1339,-20056,23400,10024,-735,20,-533,-13176,-80,-3656,330,612,-971,-25944,7400,-9272,-436,-3536,860,121,123,walking
605,-5316,-11148,9224,1287,455,204,-17272,-3204,-4044,-5999,5860,390,-20448,-4064,-3504,1238,-5,529,-6080,8232,11720,-1601,-841,-99,-7496,2152,-3384,148,-402,-553,-22320,7016,-2584,-1153,-3485,740,124,124,walking
606,-5300,-10596,11124,288,505,752,-16648,-4828,-1820,-6415,4803,899,-18192,3904,712,850,171,60,152,9376,11192,-1262,-1570,845,-3424,5264,-4232,-538,-1214,-340,-19328,6112,-2272,-1225,-3136,884,122,128,walking
607,-4460,-10164,11364,521,423,1095,-15076,-1380,-968,-3776,4283,744,-15792,7120,3312,51,311,-51,-2896,7768,8688,-1398,-2404,998,-3656,4104,-4968,-1407,-2017,-242,-16536,4032,-5264,-1282,-2722,748,125,132,walking
608,-4764,-9600,11480,-621,956,999,-15612,680,-1172,-5181,6087,1076,-14232,4208,3720,-485,355,261,-1352,7168,5984,-1142,-3110,1352,-4192,1568,-4760,-1555,-2941,-53,-13112,2616,-8248,-1646,-1965,387,121,131,walking
609,-5000,-10620,11212,-929,1190,1218,-17264,-2900,-1116,-3104,6910,1121,-14424,872,840,-1482,516,178,-5912,8456,3312,-935,-3441,1763,-4616,-184,-6968,-1487,-3391,148,-11768,1600,-8344,-2098,-1868,226,120,130,walking
610,-5220,-10608,11080,-765,1150,1372,-15076,-2804,-2732,-1530,6692,1105,-15248,2312,576,-1867,678,163,-6248,7912,728,-976,-3623,2419,-4112,1888,-7096,-1354,-3827,289,-9264,2880,-8272,-2422,-1615,151,122,127,walking
611,-5216,-10468,10976,-695,1062,1367,-14108,-2636,-2624,-1730,6977,1681,-15896,1832,632,-2104,667,112,-5176,7464,-2744,-1154,-3084,2773,-5216,4184,-8920,-1995,-4172,353,-7504,2192,-7544,-2312,-1149,214,125,129,walking
612,-5464,-10500,11044,-441,429,1044,-14868,-1668,-1500,-3280,8299,2002,-16656,-1872,2296,-2111,436,-22,-15168,3592,-760,-955,-2091,2775,-5296,2600,-14984,-2646,-4416,350,-7224,200,-7072,-1940,-712,192,122,130,walking
613,-5500,-10168,10992,-556,213,800,-14624,-860,-1276,-5750,10535,1623,-16240,-6056,4512,-1443,76,-90,-13280,-64,-4392,-622,-1941,2664,-5136,1128,-13688,-2453,-4571,294,-5968,-384,-6560,-1558,-321,42,119,129,walking
614,-5252,-10536,11004,-321,128,753,-14308,-1588,-624,-6393,12456,1647,-14504,-6568,4808,-634,-375,-140,-15664,-1160,-5736,-538,-1368,1377,-5768,592,-17352,-1951,-4583,452,-4584,-1256,-4448,-1147,-127,-71,127,126,walking
615,-5368,-10532,11040,178,89,1140,-14980,-3248,-1024,-3463,13487,1964,-12864,-2584,7744,-119,-831,27,-18680,-1920,-9504,229,-829,1207,-5376,-384,-18856,-1026,-4429,415,-4208,-416,-2120,-10,277,173,122,126,walking
616,-5048,-10172,11288,261,169,1719,-14520,-716,-1784,1126,14680,2263,-11688,-56,7632,149,-796,169,-22336,704,-14040,147,-32,1144,-8664,832,-18624,-315,-4170,508,-4816,696,-40,982,882,681,123,128,walking
617,-4772,-9348,11772,-533,413,2317,-14356,1212,-2512,2485,16548,2200,-11112,136,6472,-140,-546,106,-23248,776,-14024,78,66,1134,-8824,3488,-18856,-217,-3797,758,-6872,432,168,826,1267,989,118,129,going_down
618,-5228,-9876,11388,-1051,177,3022,-13684,-1000,-3816,3001,17904,2393,-10544,568,3136,-294,-320,-198,-26176,-7016,-13296,-793,471,290,-8496,3312,-17696,-260,-3056,823,-8560,152,1248,33,1387,1002,119,128,going_down
619,-5256,-11620,10616,-778,-89,4247,-13668,-3640,-6472,5378,18153,2188,-10928,1344,4752,-196,-172,-368,-22144,-7312,-16032,-87,736,24,-11208,2024,-16328,-770,-2259,856,-10608,-264,2200,-374,1225,788,121,129,going_down
620,-6660,-12140,10304,-1789,-319,6605,-14124,-2200,-6268,3936,19061,1583,-12256,-1040,872,-434,-89,-239,-22608,-6384,-16672,382,1174,121,-10256,-1176,-15136,-952,-1524,664,-13648,-920,3216,-417,1008,338,112,129,going_down
621,-5760,-11932,10428,-1031,-810,7606,-11904,-168,-7820,-957,20458,313,-11304,-208,-3456,-246,-203,-9,-23960,-6936,-13184,189,677,600,-11368,-1096,-14208,-303,-641,413,-16728,-1136,5576,-235,695,-173,128,128,going_down
622,-6848,-9332,10600,-15,-2017,7007,-8656,-2384,-11884,-3638,20265,-161,-11480,-2312,-1584,-247,79,190,-22704,-8168,-12832,181,618,640,-15880,232,-12688,1,120,506,-18552,408,8080,-130,482,-336,130,133,going_down
623,-7448,-8800,10772,-498,-836,6102,-12568,-1680,-11440,-1765,19660,1136,-13080,-4352,-640,-224,148,51,-21768,-8304,-11536,-65,820,189,-16168,504,-12656,1,186,512,-18944,3400,7488,120,658,-120,106,132,going_down
624,-6008,-10544,11468,-2142,1848,7018,-14904,268,-11488,-1264,19826,2824,-15968,-2368,1696,184,135,145,-21040,-6880,-6696,-380,978,-762,-17464,-1296,-9840,-94,863,170,-18640,5064,4832,412,1187,195,132,135,going_down
625,-6648,-12116,11116,-4784,3811,9075,-15760,-1540,-13656,-36,20234,2312,-17728,888,5904,209,143,321,-15992,-3000,-5856,-267,1584,-724,-20072,-1392,-6496,41,1186,72,-17992,2248,4520,449,1781,392,121,136,going_down
626,-7072,-12832,12688,-10709,8780,13596,-21664,1616,-15428,-685,21941,629,-19984,3984,12184,102,-58,494,-32768,-22784,32767,1199,-376,-248,-17720,-1344,-17504,-419,1415,-173,-21848,-752,10136,-151,1357,445,123,117,going_down
627,-8648,-15860,12884,-16110,23848,24066,-32768,4588,-13004,-6854,28532,-4826,-20896,4280,18440,17,-541,668,32767,26176,26832,-2718,-6802,2299,-28872,5040,-600,1404,2552,204,-20168,-6096,13872,-1841,837,341,128,137,going_down
628,-3064,-22976,20792,-7680,32767,32767,-32768,7168,-8740,-12248,32767,-7620,-25392,1288,14456,-410,-1651,427,-7720,22560,14224,-1289,-4131,3715,-28168,2848,10136,-845,2295,-621,-22744,-6320,3536,9,1904,379,121,143,going_down
629,688,-14496,21784,3061,32767,32767,-31072,7376,-8252,-15224,32523,-6423,-27712,-2392,6616,-592,-2511,-187,-20032,9056,9584,-1087,-5593,1474,-16576,18456,2504,-1889,1706,-562,-25760,-2272,8968,1582,696,270,120,125,going_down
630,1964,-5560,12660,11008,32767,32767,-21440,5276,-696,-17036,22931,-2118,-28440,-2704,-280,-441,-2659,-536,-1688,12824,7848,-1292,-2334,1052,-17360,17768,-12712,-3107,2195,-82,-18920,10280,3920,2609,-211,391,124,124,going_down
631,-12424,-19580,10592,7878,32767,32767,-1972,-6736,6068,-19510,7040,-7485,-31576,-976,-2760,-322,-2457,-723,-13208,7288,13408,-476,-1257,-300,-29464,-1936,-6368,-1191,2230,-37,-15760,15320,11256,1230,-501,917,123,129,going_down
632,32767,-32768,32767,6030,31815,8246,-3200,-3532,-15956,1179,6824,6138,-26072,-2976,-520,-266,-2270,-851,-2704,8984,22728,-53,-64,-206,-32768,-19080,-1592,1997,1845,268,-32768,11624,7696,-2418,-825,192,122,136,going_down
633,-10784,-5576,32767,15996,-18638,3391,-12332,-11116,12204,15814,-16129,13697,-29744,-7064,-1328,622,-2294,-881,-11776,3360,10680,265,675,-48,-12920,13576,-9856,2944,1933,-39,-16576,-2752,-5928,-1787,274,-477,121,128,going_down
634,26956,408,7596,8833,-21205,-7840,-8996,5804,-124,23003,-30511,11276,-25952,2056,-2704,1362,-2127,-625,-11304,8680,9392,149,540,-85,-2904,17344,-12120,-114,2098,-1,-10264,4472,-6968,399,-20,-420,118,141,going_down
635,6848,-14076,5244,8037,-26115,-18798,520,6812,-4368,931,-32768,7420,-15456,5792,-5192,1241,-1756,-302,-11128,7472,9832,58,427,-250,-13624,5472,-10864,-1602,1562,-160,-12440,5344,-1448,916,-517,-509,120,134,going_down
636,2676,-7284,-4956,8020,-22898,-18727,-9848,-1800,-3556,-8370,-32768,1165,-10312,6840,-4824,937,-1354,9,-11408,6344,10200,9,323,-283,-16200,760,-9120,-535,1156,-610,-15056,10608,392,541,93,532,119,129,going_down
637,-2116,-6636,-4356,6321,-11017,-13769,-8620,-2380,-8000,-2187,-32768,-2468,-6760,8016,-6336,368,-897,-108,-11304,6368,10264,25,283,-328,-17016,-1152,-8040,512,1126,-714,-18200,10616,2856,-1009,587,1086,124,135,going_down
638,-11432,-8380,4148,7612,-4775,-8340,-4388,-2968,-13252,126,-32768,-1810,-3864,5088,-8480,10,-200,-117,-10992,6648,11448,77,350,-396,-14424,1256,-4816,1228,1143,-69,-17568,4008,3112,-1737,400,579,122,131,going_down
639,-24032,-4980,6352,1205,-9095,-10051,-5460,-820,-18072,-2318,-32768,-3227,-1208,3896,-4744,56,313,-39,-10920,6864,10656,87,435,-320,-11560,4824,-7736,600,1567,-186,-16096,-3896,4216,-1404,339,296,117,125,going_down
640,-27516,-5944,4776,-3755,-13029,-12422,-5028,1476,-19964,-7428,-32768,-5099,-200,3848,-3784,151,569,250,-11352,6736,10232,79,421,-338,-13440,3336,-6944,72,1643,-294,-10976,-3016,5640,-770,14,36,123,126,going_down
641,-28732,-700,-1648,-3687,-11308,-16068,-7360,-2496,-20376,-9370,-32768,-8208,-32,4080,-3968,133,598,278,-11840,5888,10632,109,511,-450,-14280,1448,-8032,114,1667,-194,-10168,-2256,6664,-346,60,-125,123,126,going_down
642,-31948,2516,-5260,-4924,-5639,-15478,-9600,-6260,-22288,369,-32768,-7510,-3744,2384,216,-284,1237,365,-12480,5384,11104,148,627,-548,-14744,1800,-7664,342,1902,-211,-12848,-1000,6752,359,10,-100,123,127,going_down
643,-31800,5580,-4708,-3169,-2436,-10376,-8628,-4016,-21812,10469,-30597,-2973,-9224,1824,2376,-455,1584,64,-10984,6768,10304,162,786,-574,-11648,2232,-7536,504,2051,-261,-13472,592,504,1183,3,-11,125,122,going_down
644,-32768,8724,-1984,-6304,-611,-6567,-12252,228,-20736,12699,-26207,-764,-14744,1696,1552,-480,1938,135,-13272,4496,7152,17,494,-534,-5384,2432,-13600,226,2051,-294,-12016,-1376,-992,1664,133,283,127,115,going_down
645,-32768,3716,3500,-9666,-3328,-6911,-14336,4956,-20416,6204,-20546,-648,-17464,2000,3032,-94,2146,496,-13440,4616,9456,48,211,-468,-10848,2520,-11704,188,2086,-139,-12416,3008,2888,1907,238,450,123,127,going_down
646,-30116,11244,3704,-6406,-7472,-5225,-15460,5840,-15748,-8587,-13702,-3768,-17736,1768,3800,193,2342,813,-11840,7784,10664,97,366,-683,-14296,512,-11568,479,2099,-184,-13512,8416,3464,1329,50,166,123,139,going_down
647,-28248,11660,784,-8468,-4549,2580,-16584,4416,-13884,-14883,-8672,-5792,-18800,176,4400,-110,2064,817,-11480,6864,11128,259,670,-780,-13120,2648,-12712,758,2153,-108,-13208,9528,4656,541,77,-48,127,127,going_down
648,-26200,5020,2020,-6657,-905,5137,-18948,636,-12520,-13901,-4338,-4984,-19472,976,4784,-89,2000,869,-13448,5584,11904,216,993,-1091,-14616,1808,-14032,578,2297,-156,-15040,7120,7200,-181,26,-209,126,145,going_down
649,-24748,4948,-1164,-3034,5296,6107,-18076,-224,-9748,-8114,712,-3145,-21096,976,6072,-115,1936,826,-12664,5488,13400,467,1769,-1246,-18264,280,-13416,406,2535,-219,-17448,2528,8440,-423,-151,-285,126,124,going_down
650,-21584,-5196,19880,-15151,-75,409,-16348,1196,-19272,489,5499,467,-22160,560,9560,-319,1621,625,-14488,5928,13960,441,2585,-1875,-19216,-8,-14152,481,2687,-224,-17424,1528,9232,-422,-153,-263,127,108,going_down
651,32767,32767,-32768,18155,-27453,-25173,-18164,2900,-2124,-2979,15301,7297,-23192,1648,9672,-75,1026,264,-13968,7224,13392,586,3592,-2477,-20152,152,-16056,547,2812,-87,-18584,-2760,10480,415,-550,-287,128,130,going_down
652,7032,-7460,15200,2607,-32768,-30412,-29820,3964,15060,-2649,14575,5976,-19352,2360,9472,169,-60,-297,-12904,9240,15168,673,4760,-3358,-27352,192,-15064,492,2962,179,-20928,-152,15216,630,-1049,-365,118,126,going_down
653,-2796,-22204,19188,8608,-21499,-18559,-25616,-7668,17344,18986,6140,253,-19392,15600,904,-118,1557,376,-8984,11160,16200,288,6693,-4719,-31064,2192,-10200,916,2574,254,-25520,5480,13760,856,-1665,-577,113,127,going_down
654,-10404,-16760,10788,19248,-25902,-19787,-24008,-25280,528,15183,9226,-6034,-29688,3600,12368,-905,189,159,-2472,8592,8992,-929,7420,-6626,-20072,5496,-8336,1307,1309,151,-32768,10640,5896,883,-1983,-742,124,126,going_down
655,-16004,13584,13084,4182,-18592,-12701,-32768,5684,6208,10378,10173,3338,-32768,-20976,15920,-2749,515,-1124,-22992,7416,3344,-1253,7415,-5932,-8648,7776,-9936,646,760,443,-32768,13776,24,710,-1911,-389,131,129,going_down
656,-7092,-6768,12088,-4386,3110,1348,-25752,29932,340,-14852,17129,-2239,-19200,-7472,8192,1353,-726,-1052,-32768,-4344,17992,-1245,5007,-3437,4288,5424,-25640,-306,263,222,-29552,11928,-3560,-204,-1622,335,116,124,going_down
657,-6244,-10640,11040,-5049,2504,1061,-6268,-14004,-6100,-25869,23988,-1527,-9160,-1536,-10288,613,-1262,49,32767,32767,32767,-1429,-1210,3786,-13240,4544,11424,-36,-1117,-1456,-18352,3112,1296,-1370,-1856,775,113,125,going_down
658,-6244,-11500,10872,-1169,1076,1297,-12064,-23076,-10120,9597,12107,3284,-1184,440,-7920,-904,-67,405,-32768,14192,14696,-650,-1637,2995,-6360,-6208,4120,-810,-2572,-270,-15248,-2208,-1472,-1569,-1871,708,119,128,going_down
659,-6052,-8404,11808,664,246,-68,-12188,2136,-12484,22548,6041,9524,-9688,128,-8920,-1172,-46,587,3936,-3504,21304,-794,-3504,-41,-2568,1576,280,-114,-3820,262,-13520,-4936,-1032,-1348,-1443,237,130,127,going_down
660,-5288,-9176,11816,679,-298,-1306,-16652,8484,-8304,7587,7958,8808,-26040,-3608,-4968,515,491,880,-1832,5712,14016,704,-3724,998,-8408,-2536,-1448,-319,-4918,1013,-11320,-3808,-2928,-751,-1039,-173,121,128,going_down
661,-5240,-9384,11816,1039,-205,-1047,-18864,3852,-7300,-1616,9295,1379,-19384,-1824,-344,1422,506,-342,-9888,6016,7592,704,-3674,924,-13384,-3032,-6104,304,-5217,1466,-7984,-1480,-4160,-455,-719,-551,120,130,going_down
662,-4796,-9196,12120,697,31,-708,-13768,-968,-6356,-2623,9829,1225,-18688,4880,1480,1422,665,-427,-12200,9936,2360,463,-3069,1453,-9552,-1392,-7816,849,-5437,1473,-6304,2040,-5816,-684,-430,-938,122,128,going_down
663,-5020,-10020,11768,538,426,108,-16688,-3876,-5004,3981,9582,3624,-15480,3136,5128,1307,395,-173,-19104,9192,-392,-354,-2052,2218,-10096,1824,-12424,178,-5398,1842,-6832,64,-7400,-1188,-231,-644,123,128,going_down
664,-5004,-10024,11900,502,1029,936,-13912,940,-4128,6870,9992,4008,-13056,-1552,5272,1349,155,194,-17992,-7224,80,-71,-1124,2497,-6624,4880,-17216,-1137,-5641,1946,-6056,-3512,-6480,-521,165,-338,127,126,going_down
665,-5232,-9380,12004,98,1648,1612,-13604,2372,-5264,3196,11743,2616,-10864,-2400,5536,1009,-18,423,-28296,-13960,-6640,836,-883,1623,-5928,4056,-19920,-2814,-5597,1527,-5400,-3696,-5136,-304,303,-255,120,128,going_down
666,-5620,-9348,11764,154,2239,2148,-14160,416,-5836,-493,13762,1831,-10688,232,3512,920,-190,467,-32768,-12400,-14200,1336,-1553,899,-8112,-2112,-24216,-3125,-4536,936,-4968,-536,1352,2516,777,-422,117,125,going_down
667,-4460,-9868,12036,-130,1980,3297,-12800,-176,-8272,-620,15359,2140,-12680,5320,3808,713,19,173,-25480,-9592,-21520,1114,-1258,1440,-12992,-8672,-23848,-1605,-4144,476,-6304,3816,3512,3697,1414,137,125,128,going_down
668,-5736,-9904,11832,-51,1501,3215,-11000,384,-8320,468,16091,2557,-13792,8976,1192,365,334,-242,-26504,-12968,-22848,446,-129,1622,-16104,-8408,-24664,1157,-3445,313,-9128,5512,2992,2348,1515,563,123,127,going_down
669,-5480,-9432,12404,-254,1783,4334,-12284,1452,-10608,300,16128,1638,-12680,7904,4312,-734,636,-220,-30944,-17232,-19568,249,-149,1006,-11288,2936,-23616,2894,-2741,657,-13360,9048,4848,1098,1433,660,125,121,going_down
670,-5868,-11092,11880,-2329,3867,6104,-15628,1748,-8184,-2586,18092,889,-11760,3672,2616,-1751,692,29,-23872,-18536,-20448,1094,-398,219,-11128,5304,-17128,1670,-1765,861,-19344,8656,5184,637,1474,47,133,140,going_down
671,-7120,-10372,11628,-4216,6404,9053,-14556,-216,-12308,-2830,19386,-106,-13584,-2056,3520,-1955,500,328,-16112,-8768,-22488,1040,93,-263,-14608,632,-12872,345,-682,342,-19544,4944,4768,572,1559,-877,122,141,going_down
672,-7488,-11444,11900,-6742,8938,11391,-16188,-48,-12476,-3525,21356,-88,-16648,-6960,3824,-1458,531,332,-12080,-6168,-17624,119,1680,-365,-15440,-456,-10360,31,-93,-104,-16400,3872,11800,-459,1073,-1262,118,125,going_down
673,-7036,-14956,13740,-7510,13790,16001,-21352,2848,-10668,-3732,24441,-716,-16736,-6240,10144,-588,-124,145,-32768,15296,32767,3930,-2268,4000,-9736,1984,-32768,-1653,794,-478,-12656,6328,11568,-952,1844,-585,117,142,going_down
674,-8000,-14696,17180,-3813,24940,24857,-29436,3336,-11424,-5681,29395,-2623,-18904,-5088,12664,352,-1101,281,-32768,-27200,-31464,-2020,-6784,5274,-25416,17432,-19456,-876,3958,618,-16344,10992,9056,-1078,822,464,123,163,going_down
675,-7276,-16876,18100,-2786,26479,26966,-32768,3864,-11160,-5602,30160,-2868,-25616,-4080,11456,974,-2404,367,-3544,9368,30360,-2701,-4394,2683,-32768,-4000,26888,-4549,3474,-2021,-32768,-4472,-7024,-2126,2039,454,116,122,going_down
676,-1660,-16540,16596,15571,32767,32767,-32768,6384,-5460,-11019,31444,-1618,-30240,1024,6736,1020,-3406,175,-30000,-472,8312,-1288,-4047,771,-17528,12808,-1928,-1323,1381,385,-30296,-17280,19656,-1111,-50,30,125,119,going_down
677,2556,-13352,15460,14997,32767,32767,-31052,7004,7220,-18748,12072,2444,-32768,5184,-1592,316,-3519,-359,-4048,11240,18488,-730,-2595,275,-27696,4856,-4032,-668,1871,149,-20000,5720,4512,1877,503,338,125,135,going_down
678,-29172,-28304,25940,6302,32767,32767,-1528,-4004,-32372,-2056,19229,757,-30080,5360,-8848,-344,-2611,-716,-10480,4648,6320,-691,-1379,-44,-21896,-7832,-3776,2103,1493,281,-17016,9208,1144,1670,146,362,125,131,going_down
679,-17304,-21852,30752,3297,6174,-15642,4136,-3368,4628,-2988,9578,12492,-24504,3840,2616,-594,-2291,-1221,-9064,4376,18856,-132,-891,89,-21352,2496,-11072,2769,1472,486,-22152,6152,10224,76,-648,33,120,127,going_down
680,-24280,8176,12044,8690,2187,-1615,-16252,-5540,10812,13188,-13539,7436,-24048,-1696,-976,-307,-2154,-1514,-10184,9648,13432,54,-128,83,-26120,11984,-7544,1444,1104,-506,-20352,3480,3104,181,-223,-342,121,133,going_down
681,19736,-10180,14384,4398,-15401,-13856,-1352,1056,-2732,13098,-23733,3496,-22920,3848,-3680,-415,-1537,-1146,-10072,7656,10144,71,212,-142,-11032,7912,-9248,-167,1269,-376,-16608,8208,-3624,368,-138,-824,121,144,going_down
682,10728,-6468,2024,3106,-17664,-18898,3216,2060,-1884,119,-32681,3718,-18560,3208,-4784,-595,-1143,-997,-11616,6344,9744,-62,113,-201,-11840,6568,-12200,-489,1299,-282,-16960,9816,-3896,-39,321,-53,120,133,going_down
683,3720,-8196,1152,3207,-18519,-18451,-9532,-896,-1116,-1388,-32768,-1003,-12120,2040,-6752,-164,-689,-710,-11760,6288,9800,-66,109,-240,-17152,-376,-8800,-253,747,-376,-16208,5784,1616,-690,785,929,122,128,going_down
684,2864,-6292,-700,2003,-12939,-14223,-9572,-216,-1896,-603,-32768,-1611,-7840,2464,-5648,322,-444,-430,-10928,6152,11296,-27,72,-320,-16624,-1296,-7280,592,626,-499,-16656,3216,4024,-1185,1065,915,123,126,going_down
685,-4808,-11156,2728,2507,-5812,-12822,-5788,1256,-8768,-2173,-32768,-5441,-4224,2792,-6272,1032,-190,-118,-10640,6064,11656,5,116,-296,-14424,1624,-5432,1089,754,-207,-15408,1016,4424,-1706,636,186,123,136,going_down
686,-16384,-11000,4688,2897,-1126,-17130,-8940,356,-13256,134,-32768,-8667,-2152,5312,-7768,1701,165,277,-11064,6400,11240,38,285,-269,-13824,4216,-5264,653,1157,-138,-13848,-2592,5896,-1883,481,-7,124,128,going_down
687,-23064,-4584,8764,825,981,-20810,-9088,956,-19124,2875,-32768,-7782,-1992,5672,-7360,1644,214,338,-11128,6096,10856,53,401,-281,-13672,3576,-6288,170,1494,-323,-12832,-3984,7864,-1011,260,-138,123,126,going_down
688,-31952,3124,9908,-1600,-5040,-14600,-10444,928,-20352,3256,-32768,-6949,-2416,4832,-2176,2321,464,855,-11904,5808,10688,57,494,-358,-14144,2608,-6592,211,1692,-363,-11776,-2784,8720,172,182,-85,123,136,going_down
689,-32768,3468,5644,-6549,-9311,-10099,-10148,1452,-22936,4682,-32768,-5610,-5544,6176,512,1445,765,821,-11624,7264,10624,177,589,-447,-14680,2648,-5968,510,1895,-298,-13584,256,5992,821,1,-6,125,116,going_down
690,-32256,1184,1240,-4743,-8674,-11428,-11376,1064,-21548,5734,-32768,-2510,-9112,7160,3520,42,1350,695,-9744,6848,11232,136,562,-578,-12336,1968,-7752,803,1977,-248,-13200,-200,2144,1219,-31,53,124,116,going_down
691,-31552,7628,-4604,1193,-1218,-9228,-15620,1748,-20260,4982,-28050,-2849,-12624,6672,5424,-1059,2023,246,-12456,6376,9544,138,458,-634,-9016,536,-9792,847,2104,-167,-11464,-1512,1088,1358,21,189,128,129,going_down
692,-32768,10584,-2628,-65,3597,-4963,-15520,868,-20900,3025,-22166,-1413,-15152,4152,4872,-1343,2624,-215,-13416,4536,9968,194,351,-625,-11696,1264,-11984,740,2249,-201,-11192,184,4512,1694,-79,231,129,126,going_down
693,-32768,7080,1004,526,-1734,-2987,-13804,-1012,-19844,-1080,-14820,-1692,-17528,2992,5456,-1177,2923,-59,-11776,5632,12904,407,878,-732,-17528,2072,-6864,710,2490,-363,-12536,5768,4952,1890,-482,36,123,141,going_down
694,-30556,10984,-9076,449,-4155,-705,-14164,-596,-14136,338,-7957,-1695,-17624,1440,6536,-1112,2434,245,-11840,5864,11432,341,1341,-1235,-17752,1976,-7144,627,2516,-363,-12448,5720,2360,1347,-607,-191,124,125,going_down
695,-26124,11296,-11680,-3800,5963,5256,-13528,2832,-12508,-390,-1191,-1676,-17360,-480,6336,-932,1712,518,-13936,4224,8992,384,1479,-1449,-8000,-40,-15952,492,2668,-264,-14128,4184,1768,902,-322,-239,122,123,going_down
696,-32768,36,27332,-16103,-8279,2344,-13316,5160,-14752,-4506,4527,-2271,-17792,-896,6432,-577,1254,545,-14400,4192,10848,479,1695,-1716,-13928,-1008,-14896,676,2746,-332,-14952,4152,5168,792,-65,-306,132,124,going_down
697,-32768,-32768,32767,-6332,-32768,-32768,-27188,-728,-7640,-23784,15156,59,-28000,1968,14552,-1077,57,628,-14984,5408,14784,672,2486,-2327,-22048,616,-16320,778,2812,-275,-17048,6704,11416,340,-302,-426,112,127,going_down
698,-15748,-32768,25352,-14729,-32768,-32768,-32768,4572,14368,-17233,19374,1031,-20952,-6408,-7792,1251,163,-356,-13920,7320,19184,828,4134,-3375,-32256,-152,-16680,874,3004,-180,-24544,10464,15616,-379,-933,-509,114,124,going_down
699,4360,-6044,24172,4974,-17553,-15454,-25432,6408,13376,14701,7770,195,-26352,15736,-3488,575,999,697,-9664,9536,18344,443,5790,-4722,-30272,-48,-13192,1291,2726,-230,-29216,5320,12384,-776,-1714,-408,113,121,going_down
700,-12456,-17976,11240,1901,-21868,-17891,-19544,-14608,-1444,14146,11808,-4239,-24776,5808,10840,102,-184,286,-4136,9472,11872,-640,7553,-6744,-21776,2832,-7504,1378,1786,-328,-31688,1928,6800,-256,-2109,-396,123,123,going_down
701,-12608,-11192,8244,7641,-17906,-17679,-20184,-9920,-13244,23090,8800,8191,-17208,-9616,-2040,-108,1278,-919,-11768,816,5096,-1047,7524,-6021,-11640,5712,-1632,762,8,197,-28376,4656,-824,42,-2141,-424,140,113,going_down
702,-17340,-19512,8860,13249,-12473,-15033,-20684,-10764,1456,19951,8864,10366,-15672,-8664,-2048,-605,1061,-1128,-32768,6312,-4536,-995,5170,-2352,5640,-224,-31816,-244,1358,-768,-22696,2912,-2696,90,-2062,-412,120,125,going_down
703,18412,-19348,19992,3259,926,386,-32768,26248,5236,1156,4725,-11049,-32768,-19648,5184,740,-372,-450,-32768,-7544,9016,-438,-1056,3187,392,7216,5088,946,542,-1229,-24648,4968,4208,185,-1803,20,122,123,going_down
704,-3436,-6120,14212,-2742,2175,198,-15260,6936,-11448,-28101,23181,-1224,-17344,4496,-4184,2837,-722,746,18272,13312,13424,-2155,1034,1006,-17888,4968,9416,-1228,-1934,282,-27832,8104,-72,-804,-1539,728,140,127,going_down
705,-5060,-10752,11612,-4137,2128,672,-14132,-21716,-6592,-6972,13021,1715,-15872,4712,-4792,2791,-930,608,12056,11648,17544,-617,-738,2035,-864,4656,-880,-1258,-2583,-154,-19152,32,-912,-1141,-1282,985,119,129,going_down
706,-6168,-11132,10700,-960,1726,780,-12468,-12356,-9560,20345,3731,3237,-12328,4968,-4776,-304,827,-2,4408,3488,11496,-872,-1721,-63,-5600,5176,1072,-1740,-3810,412,-13672,-4080,-1024,-1066,-1018,524,122,131,going_down
707,-5572,-9880,11488,619,445,-27,-11056,5776,-8720,16439,2238,8006,-18040,-656,-1688,-160,1422,157,888,7608,12424,-68,-1771,221,-8728,-728,-4600,-2060,-4544,1365,-8048,-2824,-1984,-769,-615,114,122,130,going_down
708,-5168,-9960,11592,932,517,24,-20884,4864,-6244,3785,5997,5037,-17712,-3392,-1848,-331,1365,-71,-1264,9456,12288,-117,-1839,323,-7656,-1288,-6152,-1250,-4626,907,-4168,-1816,-4104,-451,-302,-246,122,126,going_down
709,-5112,-8552,9840,1469,758,32,-14900,4140,-8964,-1083,6142,-285,-16776,-3248,-1472,-181,1305,-54,-11960,6568,6200,-83,-2498,1629,-9464,-248,-7984,-685,-4811,1056,-4576,376,-4752,-548,-43,-287,122,128,going_down
710,-4928,-8944,11936,-299,1168,413,-14320,636,-4188,-5201,9873,-638,-16736,1112,4504,1178,615,-79,-15192,3648,4056,-47,-1893,2048,-11128,-144,-11008,-559,-5365,1610,-5912,-1120,-5056,-444,146,-116,120,129,going_down
711,-5372,-10512,11464,-537,1452,1276,-14568,-2376,-1244,-2698,10455,48,-15336,3360,4736,1388,-64,60,-17456,-6832,1984,666,-1135,2198,-9152,1288,-14152,-812,-5419,1759,-7192,-80,-5296,-116,487,-139,121,128,going_down
712,-5296,-9908,11732,-411,1499,1719,-12628,-1436,-3928,316,11151,1534,-11824,2968,4728,454,-198,221,-26232,-7304,-1184,1195,-965,1560,-9112,-472,-17720,-1052,-5756,1520,-7144,-2536,-2808,319,833,-415,121,129,going_down
713,-5556,-9068,11576,-668,1280,1822,-13376,-1136,-6740,3314,11696,2562,-10688,2192,5400,91,-246,275,-29760,-5344,-7256,1231,-1320,1483,-8352,-2816,-20192,-512,-4882,1347,-7040,-2240,-2128,552,866,-410,127,129,going_down
714,-6444,-10092,11332,-1299,1477,2824,-14632,960,-6176,3092,13602,1844,-11640,3672,4712,-221,57,-4,-31728,-6032,-12416,504,-1212,1705,-13376,1320,-20624,-157,-4298,1076,-7024,3808,2232,2775,1425,64,115,126,going_down
715,-6692,-9984,11396,-1824,1702,3777,-13864,3000,-7496,-505,16072,-50,-13360,7224,2440,-587,196,-399,-27320,-14232,-16496,215,-1043,1416,-15824,-200,-20592,-317,-4107,861,-9120,6880,3936,1535,1539,633,128,129,going_down
716,-6308,-8568,11588,-1797,2566,5308,-11144,1484,-10736,-3248,17223,-1327,-13072,6256,3376,-1060,453,-314,-24792,-15008,-19464,1129,-173,1420,-18200,-3184,-19072,203,-3208,435,-14896,10640,5816,254,1486,977,114,127,going_down
717,-6344,-11204,12108,-5845,3987,8188,-16364,352,-8592,-4001,18507,-1897,-14128,576,4640,-1717,398,-73,-29776,-9632,-19248,592,78,789,-13264,1560,-17112,475,-2061,244,-19424,8128,6576,72,1707,706,127,132,going_down
718,-4624,-12676,12576,-7906,7873,10710,-18324,916,-6016,-4299,21275,-1562,-14736,-4368,656,-1695,11,256,-24464,-9184,-20328,-594,-368,122,-12128,2992,-14296,-133,-1001,94,-18552,2592,9256,-137,1787,92,116,125,going_down
719,-7652,-9624,11536,-6375,10573,11399,-11000,444,-14280,-2225,22335,-1296,-12544,-3296,1096,-988,-304,210,-16808,-8592,-20328,-913,433,85,-15632,1064,-10680,-934,73,-188,-17128,2992,11328,-1151,1213,-397,126,135,going_down
720,-8516,-10508,11248,-6611,14809,12729,-14948,284,-12164,-832,22702,-67,-14120,-3224,4392,-472,18,245,-7104,-20032,-13072,-938,1616,-117,-15584,856,-10264,-1032,267,-253,-16744,3944,13232,-2065,952,-228,123,132,going_down
721,-8304,-15388,13056,-4357,21148,19349,-16528,668,-11896,-712,22889,-125,-18720,-1744,10176,-55,-442,309,-32768,-32768,-32768,237,-5113,5846,-11608,6904,-5944,880,2117,-925,-14128,-552,14464,-2226,1377,67,122,126,going_down
722,-9056,-17032,14604,1477,27142,29904,-30132,2496,-12348,-3025,29149,-4710,-20584,-1056,13944,279,-1452,307,-32768,-1632,-18040,-1077,-3007,4532,-28392,6928,5008,-1281,3019,594,-18472,-3960,1240,-1404,1353,246,123,134,going_down
723,-6016,-19076,18428,10603,32767,32767,-32768,3748,-11816,-7325,32432,-6850,-26000,2448,11416,261,-2445,324,-7240,15888,20520,-1319,-5260,2098,-32768,-480,12792,-1647,2742,-954,-28528,-14064,-3232,162,1510,-285,131,139,going_down
724,-1392,-18420,19248,12903,32767,32767,-31156,5872,1744,-19160,27921,-7235,-28720,5016,4856,-110,-3352,-13,-17760,4400,13728,-942,-3780,811,-19472,16280,-5048,-776,1811,315,-25216,-2800,18424,1610,-732,174,124,118,going_down
725,-32768,-17020,16548,13143,32767,32767,-7576,-5096,11668,-28934,8045,-13144,-28040,4104,-6112,-872,-3269,-479,-3824,13240,14472,-646,-2884,-305,-28576,2304,-4528,-17,1905,144,-17744,14720,4832,2425,286,911,124,129,going_down
726,-31620,-15780,23640,9481,32767,20916,7292,4284,-32768,-4490,19675,-2553,-25912,1752,-9000,-1286,-2017,-762,-4656,3272,22416,-476,-1225,-89,-32768,-9128,4512,1748,2276,74,-31304,12240,19296,-781,-1255,395,123,133,going_down
727,12520,18836,13652,-11696,1039,-197,1064,-4608,-3964,-7577,13392,11967,-29376,-3240,1824,-1258,-1991,-1383,-11928,4560,10808,100,680,-49,-18248,6064,-13352,2431,1864,149,-17656,984,-1928,-396,17,-507,121,138,going_down
728,19472,-8652,344,7565,1913,8475,-21576,-7984,14128,11418,-9550,6152,-31736,-2680,-1712,8,-2030,-1417,-11328,8192,8432,37,285,-7,-4256,16984,-13184,710,2069,-444,-8032,3872,-10072,1088,-24,-505,122,137,going_down
729,25720,-16340,6136,-2738,-14924,-9582,1352,6536,-2796,14560,-20128,3641,-23336,4976,-3352,467,-1567,-1068,-11320,7288,9816,-77,55,-138,-10512,8672,-11080,-1266,1708,-458,-14232,12816,-2064,618,-291,-427,121,128,going_down
730,14188,-6044,1120,-527,-18373,-12769,5316,4604,-1504,-6388,-26006,-428,-15448,7408,-2736,315,-1154,-790,-11728,6584,10304,-84,111,-239,-20008,-312,-11328,-574,1009,-582,-20440,14440,-1416,-609,470,427,120,122,going_down
731,6504,-10444,3600,-3622,-20671,-18376,-8072,204,-280,-7178,-32768,-3758,-10312,5184,-3224,-145,-917,-347,-10808,6368,11024,-34,219,-268,-17200,168,-9568,515,1133,-811,-19536,9976,-1176,-2098,1331,757,120,139,going_down
732,1984,-9588,3344,-1454,-19621,-20084,-5608,2328,-3540,-2020,-32768,-5934,-8656,3648,-2704,-157,-707,187,-11512,4176,11120,-26,300,-220,-13080,1904,-8672,517,991,-376,-19352,-2984,-480,-2143,960,502,122,130,going_down
733,-1048,-7328,3960,-3210,-14578,-18442,-7012,2728,-4480,-3864,-32768,-7634,-6560,1872,-3488,197,-334,566,-11512,5512,10696,3,353,-140,-12328,3760,-8472,-150,1289,-555,-14616,-6088,2328,-1283,886,731,120,127,going_down
734,-5904,-8900,7204,-3003,-10376,-14122,-7636,2676,-4640,-3850,-32768,-8248,-3968,2320,-4848,1093,-94,735,-11504,6904,10920,56,431,-214,-14024,1152,-6648,-230,1293,-444,-12344,-1432,3840,-610,550,341,121,132,going_down
735,-10356,-8364,9044,-5308,-6776,-13086,-10692,2948,-8220,-3727,-32768,-12041,-3648,3832,-5864,1718,148,584,-11616,6032,10400,70,506,-311,-13264,1464,-7912,172,1340,-328,-12672,992,4048,-264,324,-34,119,124,going_down
736,-13228,-12728,11588,-5104,-3351,-15879,-13744,2756,-11988,-2235,-32768,-14346,-4856,6552,-4584,1443,538,432,-12192,5856,10104,115,521,-372,-13064,1400,-8560,222,1363,-327,-13824,1504,4832,-360,223,-145,124,132,going_down
737,-24296,-10732,14976,-2740,-4093,-23670,-15684,-148,-17964,1720,-32768,-13707,-6752,10832,-2312,-485,987,480,-12088,7952,11384,185,687,-365,-14976,1008,-7112,877,1579,-231,-15088,2392,5112,-62,83,-125,125,139,going_down
738,-32768,-228,11196,-4837,-6975,-20649,-14592,-2972,-19820,8403,-32768,-9009,-7248,9472,128,-1868,1702,403,-10592,6872,11024,223,704,-688,-13440,2128,-6184,1095,1520,-127,-15808,0,5240,298,209,-43,124,130,going_down
739,-32768,4348,5940,-5620,-8709,-16086,-14660,-2980,-20584,12860,-32768,-2268,-6704,448,-1376,-2369,2699,215,-12752,4944,10496,287,764,-878,-12952,288,-8344,1216,1821,-145,-12792,-3472,5416,381,237,207,120,127,going_down
740,-32768,4832,208,-2159,-1376,-15203,-18948,2908,-25596,14458,-32768,365,-10616,-5008,-8,-1841,3414,-162,-12288,6512,11256,402,974,-1112,-14744,784,-9048,1339,2182,-62,-9464,-3296,5848,933,-115,188,123,139,going_down
741,-32768,7920,-8160,1633,2776,-13837,-18032,3004,-25864,5329,-23808,483,-18304,-10440,6376,-1171,2878,-546,-11856,6568,10960,430,1338,-1412,-13008,1528,-9616,1296,2372,-114,-9760,-3056,5592,1046,-173,137,124,112,going_down
742,-32768,17752,-19048,1241,5824,-5435,-11936,-2180,-22584,-552,-11915,-3240,-25032,-13040,8968,24,1670,-212,-14208,3296,7328,334,1363,-1454,-5312,456,-14144,898,2491,-132,-11480,2152,-1784,2092,-31,-398,120,133,going_down
743,-32768,25116,-19584,-8091,8809,4493,-9936,1604,-21460,145,-1159,-3422,-22800,-1824,11032,2192,735,946,-14136,2424,8288,364,1251,-1408,-8544,-528,-15072,741,2476,-211,-13096,5416,1320,2007,177,-588,127,136,going_down
744,-32768,23916,-9352,-12569,14642,15094,-11024,6352,-18520,-3115,9871,-2053,-17288,2872,9656,1885,52,1056,-14624,5536,11912,452,1581,-1615,-17536,-688,-14880,928,2382,-180,-16648,9784,7208,1170,184,-534,125,122,going_down
745,-32768,-32768,32767,8996,-32768,-32768,-32768,-4952,-10072,-29424,20318,-1966,-14000,8776,6192,381,279,980,-16280,6792,15096,705,2691,-2433,-18928,-480,-14944,970,2361,-195,-20072,10488,14640,-244,-126,-394,125,123,going_down
746,-32768,-32768,3524,13034,-29744,-32768,-32768,-10348,21552,-337,13874,-3075,-24856,8272,4616,-1436,189,542,-14032,11576,19696,1005,4638,-4104,-32768,1072,-15752,1120,3152,79,-28032,5456,16584,-1253,-911,-385,117,127,going_down
747,3768,-7640,19444,7436,-27032,-16169,-20528,1892,7612,26139,9885,-871,-27248,9832,1096,-714,1276,251,-4136,10456,19504,391,7335,-6855,-32768,1632,-8040,1683,2467,148,-32728,-2104,12936,-949,-2019,-467,132,115,going_down
748,-5264,-18156,13460,8410,-26073,-17052,-23820,1188,-2380,5268,13549,-585,-27256,-2280,9760,-303,791,-510,-15264,2448,12264,-509,7386,-6959,-11880,5264,-8976,1966,1286,743,-30240,368,-472,289,-2409,-747,120,127,going_down
749,-8704,-7476,13292,9605,-17206,-12001,-29140,-5628,-9056,14424,8362,510,-25104,-3712,-5888,-750,1442,-723,-32768,2640,-5000,-1351,5080,-3683,1576,-2328,-27712,542,2133,-418,-26800,2712,-7552,1053,-2108,-650,137,125,going_down
750,-7612,-11232,11604,7389,-12429,-9674,-17708,-64,-3448,2886,8992,5261,-18496,-6648,-8280,-758,1072,-534,-32768,-12504,10760,-1032,1685,-904,6344,1856,-19280,595,1583,-756,-25920,2104,656,810,-1904,-143,121,123,going_down
751,8612,-20868,14952,6138,-8533,-6575,-22092,-4400,-44,-7643,8338,-2147,-22632,-10640,912,400,-245,747,32767,31072,29960,-1170,-2298,4177,-15048,4424,15648,-18,-512,-703,-27128,5416,4192,320,-1822,217,123,125,going_down
752,-6248,-6552,12920,-97,-15,-542,-24664,5364,-5364,-8668,6973,-2541,-22088,-8072,-376,2302,-455,785,-11808,-4992,4344,-2279,-249,526,-8904,-904,5864,-577,-1833,623,-27184,6464,-2464,54,-1560,529,123,124,going_down
753,-4896,-9108,12352,-2102,1500,-28,-17156,-4136,-4892,-5805,11406,6156,-16208,3248,-1096,2093,48,280,20368,13256,23256,-762,-983,1248,-1232,5792,232,-1187,-3086,99,-20032,872,-3272,-134,-1172,747,121,122,going_down
754,-5456,-10172,11600,-1818,2111,711,-15484,-7996,-3812,7237,6769,4072,-13480,8472,1056,1411,338,-29,-7600,2544,15184,-1114,-1875,393,-4992,2008,-1672,-2024,-4141,1003,-12072,120,-3112,33,-1071,473,123,126,going_down
755,-5444,-10352,11268,-968,1753,687,-13648,252,-3300,11374,5483,5097,-13696,7024,1000,30,599,-49,-5896,2552,14792,-243,-2983,648,-7040,-752,-4672,-1766,-4631,1179,-6472,2816,-4872,-173,-768,226,119,131,going_down
756,-5564,-9556,11732,386,884,800,-14044,2104,-6308,6921,5795,3859,-14872,3352,-2336,-469,644,249,-10072,6912,7312,468,-3221,1022,-8936,-1864,-5624,-1408,-4933,749,-4584,3672,-6536,-903,-523,-78,115,131,going_down
757,-5608,-7676,12284,711,367,146,-14592,2980,-8500,2392,6444,2226,-14224,2192,-2648,-330,721,222,-8896,5384,4024,344,-2489,1236,-11568,-2408,-7232,-891,-5236,1075,-4360,2304,-8272,-2070,-157,-22,120,131,going_down
758,-5532,-8080,12160,607,-134,-667,-14472,2640,-6508,-1050,7274,1259,-14568,2448,-1432,-21,924,158,-15128,4800,4536,226,-1580,1797,-11384,-16,-11736,-1146,-5618,1393,-4848,896,-6456,-2323,159,118,117,130,going_down
759,-5616,-8912,11852,480,-252,-826,-13848,552,-4380,-3564,7890,-349,-16696,736,2704,233,687,346,-21072,-1424,4904,228,-771,2331,-12064,920,-14848,-1845,-5829,1189,-6736,-3888,-4784,-1574,220,-223,117,127,going_down
760,-5404,-9580,11616,737,-492,-511,-14168,-1588,-4004,-3595,9289,578,-15952,-1760,5208,715,196,282,-30312,-8616,2960,663,-723,1575,-13336,-2184,-19248,-1592,-6005,1173,-8176,-4728,-3608,-451,544,-755,124,126,going_down
761,-4780,-9760,11696,671,-477,45,-13868,-3032,-1312,-518,12232,2062,-12632,-2616,7600,814,-11,45,-32392,-9816,-3496,1567,-1422,1369,-11528,-2592,-22272,-760,-5227,1005,-9864,-4264,-1832,597,1080,-960,112,125,going_down
762,-5268,-9676,11888,462,24,925,-14812,-472,-1824,3050,13780,3092,-13264,-864,7664,691,-204,-65,-27256,-7080,-13584,1537,-919,1637,-17704,-280,-19904,-82,-4824,838,-11192,-624,3264,2204,1149,-538,118,125,going_down
763,-5124,-9536,12276,-91,848,1673,-14396,1276,-4332,3529,15536,2865,-11656,3928,4920,194,-169,-108,-32768,-8296,-19312,443,319,1712,-19120,-2448,-21776,246,-4885,784,-12768,3768,6952,2612,1198,515,115,129,going_down
764,-6120,-8876,11988,-1199,1752,2564,-13580,1128,-8372,2090,17341,2090,-10968,6296,4720,-766,-181,-144,-32768,-13680,-21208,-284,-299,1646,-14640,3144,-22256,751,-3457,285,-15400,6792,8128,1964,1806,1255,120,133,going_down
765,-6772,-8428,11392,-3180,1999,4462,-14124,48,-9104,-472,18876,1054,-12256,4480,2312,-1391,243,-64,-27384,-10816,-26456,-552,-1014,1140,-13176,6896,-16528,-57,-2019,223,-15800,6808,9192,914,1894,1224,114,136,going_down
766,-4952,-10688,12512,-4451,5628,8576,-15560,400,-8852,-3925,20470,-219,-13992,-1448,1960,-1307,202,55,-19344,-7888,-27136,-1126,-410,390,-12912,6912,-15328,-321,-1786,208,-16072,4200,9000,-262,1418,570,131,134,going_down
767,-5040,-12452,12860,-8361,8277,11869,-18324,932,-6696,-7034,23594,-608,-14600,-4976,-392,-1234,-203,106,-15472,-10128,-22472,-1138,345,382,-11792,568,-12008,-2275,409,-162,-17232,3344,9616,-983,886,-37,124,130,going_down
768,-6640,-9784,13280,-6419,10388,12102,-11668,220,-15004,-4840,23624,294,-14080,-1808,600,-459,-363,62,-11592,-11920,-15728,-952,1545,-78,-13208,-3872,-8968,-1807,1201,-174,-17616,2552,7640,-1456,436,-501,127,140,going_down
769,-11124,-10272,12848,-9081,13519,15615,-18396,-1068,-12304,-3153,24698,1933,-16344,-4704,6304,-85,-306,251,-32768,11968,2760,631,1250,-173,-10024,-4768,-14248,-664,1690,-363,-10808,1288,14016,-1753,-183,-608,121,120,going_down
770,-5504,-18472,16332,-4378,24793,25342,-31940,3100,-7520,-1668,29358,-602,-20144,-4400,16040,757,-1557,460,32767,14472,32767,-2513,-10183,3915,-12408,9720,-11936,1291,3305,-692,-5608,1616,3528,-879,1155,-240,122,113,going_down
771,-7824,-18104,19136,3476,32767,32767,-32768,4276,-12356,-5411,32767,-3919,-22824,384,12208,807,-2753,318,11736,6920,21728,-1589,-7432,2938,-32040,7368,2624,387,3011,97,-28152,-5856,5056,-1843,346,327,122,134,going_down
772,-3732,-16220,14804,13734,32767,32767,-32768,5084,-2896,-10579,32767,-3546,-28456,4904,7416,607,-3512,69,-7808,25672,15880,-1761,-5280,1511,-27168,11992,5176,-28,2386,-617,-29464,-12440,9248,352,-236,-401,119,126,going_down
773,5032,-19200,17676,15928,32767,32767,-28520,6772,8448,-16753,19480,-380,-27688,2904,-2376,-400,-3683,-600,-11624,4704,14376,-1051,-3294,412,-17176,8376,-6480,-813,1817,421,-18216,4256,4280,2743,-208,1083,123,119,going_down
774,-23896,-29952,20328,8825,32767,32767,-2008,712,-32768,-2986,25869,-671,-25600,1832,-7136,-1082,-2964,-960,-11480,6392,10272,-928,-2703,286,-17752,-4104,-12024,367,2346,-184,-12792,7680,-7792,2393,-180,605,124,162,going_down
775,4124,-32768,32767,3132,26568,3885,796,-1040,-1044,-5938,17351,13646,-25856,2328,2336,-890,-2571,-1404,-10632,5016,27944,-254,-1357,137,-32768,-4600,-1912,1250,2117,181,-29896,15920,23952,227,-1703,-49,121,106,going_down
776,-30064,-3588,23336,18950,5962,-6215,-10960,-8936,5372,13367,-4933,8729,-28616,-3448,-1768,-726,-2630,-1644,-14224,8560,11072,117,436,72,-21904,632,-14904,1339,1251,-113,-26168,3744,-7264,-868,-35,-573,120,127,going_down
777,23608,-1004,5444,14494,-4818,-12584,-944,-2948,-3432,20060,-16931,6293,-31048,1248,-3864,-310,-2077,-1630,-11376,6216,9200,104,134,15,-7288,9792,-14384,951,1745,-68,-16440,3680,-4424,-821,49,-749,119,134,going_down
778,11824,-6920,524,10287,-9782,-20022,5504,-328,-2908,13540,-28154,8937,-24032,5264,-4512,-112,-1519,-1608,-11072,8368,9696,75,1,46,-6384,10032,-14928,834,1705,-83,-16720,10656,-2176,171,343,195,117,125,going_down
779,6888,-4060,916,9211,-12324,-19117,-5388,-2160,-2584,9873,-32768,5190,-16072,3936,-4344,-174,-984,-1273,-11520,6632,10488,-48,20,-164,-14176,4520,-12176,-987,949,-514,-16784,9904,-1520,-112,918,1067,117,128,going_down
780,872,-4664,2448,5667,-15387,-12551,-3984,2264,-6308,8979,-32768,3865,-10408,2632,-3160,667,-326,-650,-11176,6360,10648,-75,44,-112,-18200,-816,-10856,-400,631,-844,-20536,10568,-1048,-1112,1432,885,117,128,going_down
781,-7048,-15868,5696,1014,-16368,-15735,-4212,3848,-9500,-287,-32768,1080,-7432,3136,-2808,1295,146,-108,-11184,5680,11040,-63,134,-152,-14656,-144,-8800,178,453,-437,-16984,3328,-40,-1841,1160,216,119,132,going_down
782,-10624,-10680,7120,746,-14327,-22476,-7324,2052,-11308,-7593,-32768,-1987,-5944,2848,-4992,1915,523,447,-11104,6376,10880,-5,176,-134,-13336,2072,-8496,167,687,-284,-16088,-2616,2128,-2140,1152,211,123,127,going_down
783,-20268,-7732,8080,-2832,-13355,-20732,-10336,592,-13128,-6298,-32768,-4472,-4840,4280,-5592,2479,867,856,-10752,7112,11136,74,242,-171,-14232,2912,-6944,-9,848,-281,-16112,-4744,5992,-1437,932,196,122,123,going_down
784,-21968,1744,8424,-3571,-11696,-15615,-15708,3396,-19288,-10446,-32768,-10313,-4184,9104,-2512,2264,1034,998,-10952,7008,11288,92,359,-295,-14736,2288,-5344,129,915,-240,-14160,-4464,7928,-344,897,135,124,127,going_down
785,-32768,5656,9920,-17386,-13509,-2584,-15460,2388,-18744,-11944,-32768,-10103,-4904,12232,128,1231,1205,938,-11616,6760,10528,124,486,-373,-13664,2512,-6888,291,1108,-192,-12672,-3440,6560,791,661,205,124,125,going_down
786,-32768,-3996,8940,-23066,-14884,-1053,-14556,2236,-19040,-9517,-32768,-7947,-6184,13208,3064,-649,1635,726,-11608,6768,10344,153,619,-509,-13192,1376,-7320,473,1425,-141,-11008,-1288,4088,1050,251,276,125,127,going_down
787,-28988,-3060,3288,-11637,-8075,-7016,-16424,2440,-16620,-7654,-32768,-8831,-10152,8664,5048,-2085,2187,414,-11592,5648,10312,334,665,-638,-12208,2000,-7888,592,1683,-61,-11536,-1232,5928,1103,94,243,122,129,going_down
788,-29364,7940,1336,-4814,1957,-8980,-17404,528,-18600,-4435,-28491,-7065,-13472,1616,4760,-2586,2784,55,-11352,5376,11504,349,580,-756,-11168,832,-9608,640,1880,62,-13576,-592,3416,1262,150,7,121,134,going_down
789,-32768,9988,5588,-5133,-1921,-6586,-14516,-964,-17744,-2134,-21851,-2909,-15752,-2904,4080,-2122,2958,-216,-13216,4568,10176,430,709,-797,-12448,1480,-9280,863,2038,95,-12000,2648,4480,1338,63,-129,121,119,going_down
790,-29696,10748,-5596,-1164,-1971,-2021,-12928,-292,-15908,3254,-16528,-1971,-16592,-5736,3704,-1391,2633,-268,-11368,6944,10872,435,845,-997,-12848,2520,-9064,1090,2200,-21,-10960,5240,1992,1497,-108,-249,120,133,going_down
791,-28716,10264,-9956,436,6227,-1687,-13368,1808,-15112,6023,-8785,-235,-18536,-7736,3200,-470,2086,216,-14400,4304,8984,422,922,-1057,-9880,2384,-13344,873,2354,-53,-10656,5160,2360,1095,-142,-291,125,122,going_down
792,-30196,13216,-4732,3309,8193,-1623,-13332,2036,-15216,6092,-7335,-37,-19704,-6640,7088,186,1255,647,-13960,4288,10464,566,1180,-1415,-14528,1448,-13640,774,2588,-191,-12008,5528,5808,804,-55,-248,127,114,going_down
793,-26404,20228,-5612,2336,8569,4314,-11068,4592,-11392,2604,7351,142,-19416,-6240,7200,227,1150,692,-12696,6200,12168,642,1672,-1777,-14856,-808,-13720,1042,2630,-255,-15144,5016,4248,750,-48,-331,127,130,going_down
794,-32768,-1852,9908,-8354,-7876,-4028,-12356,7596,-26884,1582,12495,1206,-17088,2096,3168,594,532,646,-14768,4496,10800,692,2235,-2085,-13288,-1168,-14944,1240,2631,-302,-15480,3008,4680,388,-124,-307,118,127,going_down
795,32767,32767,-32768,-1034,-10398,-6107,-13236,6288,-32768,2696,14275,1311,-27776,6096,8008,208,-261,877,-15064,5480,13376,1107,3132,-2583,-21584,-24,-16184,935,3049,-186,-17840,2840,9968,199,-274,-371,121,129,going_down
796,-13952,-13416,23504,1342,-32768,-24342,-32768,-9984,19560,1156,14956,626,-20368,5608,-424,1441,-542,3,-14592,6152,16760,1182,4572,-3653,-29888,-368,-17864,995,3123,-289,-24832,9328,12504,167,-654,-666,111,127,going_down
797,-9044,-8736,14120,4281,-18226,-13347,-21284,-2936,2492,19073,12873,361,-23488,12504,3824,650,721,405,-5856,10632,18048,1029,6678,-5107,-30936,-816,-11008,1609,2565,-492,-31072,12328,8480,-199,-1332,-650,114,121,going_down
798,-4980,-12160,13864,7777,-18879,-15808,-12452,-1464,-6548,8834,15211,-105,-16248,0,112,-832,841,-767,-5448,3312,10072,-467,7384,-6192,-21912,4808,-760,1590,1043,-549,-30248,5600,2480,-762,-1737,-279,122,125,going_down
799,-9724,-12320,10228,11241,-21641,-18904,-12380,-1112,-7712,8265,15452,598,-15400,-1632,-2200,-1098,1088,-907,-32768,5144,120,-714,7046,-4975,-1464,5096,-17952,165,1479,-427,-22464,376,-3400,-588,-1839,-36,128,130,going_down
800,3136,-11964,14304,14710,-17876,-13724,-24740,-8388,-1712,9962,6234,3627,-20624,-7872,-1776,-1746,1418,-611,-32768,8304,6384,-1843,3477,-1945,4152,2120,-23712,-683,1761,-1478,-19040,488,288,250,-1816,32,117,121,going_down
801,-9308,-9836,10324,7014,-4529,974,-32768,7480,-524,5348,4160,-4484,-32768,-10216,5624,1469,-484,1729,32767,14584,32767,-1941,-1370,1773,-11768,6680,2576,-516,312,-1309,-27328,9736,4400,217,-1753,179,118,127,going_down
802,-1240,-6752,14240,-1297,1978,1374,-21608,16584,-10768,-9877,12416,-1675,-19952,5024,-1984,3741,-812,1062,-32768,17288,1984,-2021,-129,549,-9560,464,2920,-1268,-1319,-232,-32672,11520,-2640,-829,-1331,640,124,128,going_down
803,-5304,-10876,11712,-5554,3598,330,-15820,-11984,-7620,-8581,12950,116,-13648,7728,-5320,1537,661,-97,6792,4784,17632,-1318,-1450,1867,-3760,4000,-1560,-1248,-2544,-766,-22296,1352,-1032,-1607,-1218,694,121,125,going_down
804,-6172,-11484,10720,-3008,3513,2196,-12540,-12280,-6896,8013,3738,277,-12488,6960,-3816,-274,1645,-363,-568,9160,12288,-1071,-2214,901,-7304,3712,-1664,-1631,-3943,39,-15488,-96,-1600,-1740,-937,409,121,128,going_down
805,-6048,-11176,10768,-2796,3431,2203,-12356,452,-6456,9398,1969,4078,-12648,2512,-4032,-1238,1981,66,-6920,5480,12304,-762,-2876,741,-8320,-712,-4920,-1742,-4665,396,-10312,-1816,-3720,-1604,-731,252,119,129,going_down
806,-5940,-10620,11476,-3018,3115,3452,-19200,4252,-5812,-910,4707,2643,-14744,-344,-1960,-1104,1424,731,-8608,9512,10976,-526,-3366,1088,-9568,-1520,-5800,-1128,-4983,111,-8056,-2856,-4928,-1341,-398,98,123,131,going_down
807,-3888,-9452,12404,-2772,4523,4398,-15664,4344,-4880,-9188,7585,-3287,-17840,-1368,-2312,-182,866,693,-12896,7144,8496,-768,-3355,1134,-12072,-608,-8440,-602,-5429,603,-8504,-1392,-5360,-895,-36,-79,119,132,going_down
808,-5308,-9440,11896,-3384,4233,3992,-13192,-964,-5200,-11283,8707,-3621,-17680,1568,400,555,382,0,-12728,3048,8224,-271,-2618,1359,-13328,568,-10312,-316,-6028,815,-8472,1152,-5008,-658,260,-88,121,131,going_down
809,-6484,-9232,11188,-3118,3691,3936,-14176,-4188,-3300,-4848,8797,-570,-14928,3080,3312,762,117,-120,-18280,720,8232,542,-1473,1314,-16616,1656,-11096,-628,-6130,1054,-8416,1776,-5472,-612,566,-119,127,130,going_down
810,-6696,-9468,10840,-3068,3341,4087,-12872,-2472,-2880,1418,9336,1828,-12296,1640,4160,-64,-65,201,-31456,4704,7784,595,-1229,1329,-18768,1424,-14600,-1344,-6170,912,-8440,24,-5448,-777,983,-83,122,130,going_down
811,-6516,-9608,10804,-2416,2364,3388,-12352,-60,-4920,2208,10656,1994,-9232,976,2176,-864,175,153,-32240,1640,4616,344,-1554,1376,-16160,-904,-14368,-1083,-6231,993,-7096,-2560,-3600,-406,1184,-34,121,132,going_down
812,-7732,-9064,10164,-1214,909,2305,-10708,-316,-7500,383,12421,1636,-10800,2336,1824,-1232,591,-227,-32768,1624,-592,85,-1540,1573,-18968,528,-17760,-866,-5555,945,-7296,-1720,960,-314,1136,-27,122,128,going_down
813,-8140,-9680,9868,-1072,-848,2158,-11324,-956,-7032,-562,13455,1101,-12048,3120,-160,-1250,887,-432,-32008,-3848,-7240,42,-1716,1804,-21200,3208,-12104,-799,-5083,805,-7824,32,6336,-140,1081,292,127,122,going_down
814,-8268,-10048,9992,-1727,-1882,3016,-12604,-452,-6356,-1195,14036,48,-14184,1728,-152,-903,660,-228,-26584,-2072,-14016,-329,-608,1862,-21584,2080,-12360,-1630,-4607,458,-8888,-344,9144,9,1336,593,122,126,going_down
815,-6660,-10180,10768,-1031,-2228,3401,-13076,352,-9492,-2856,14939,-783,-12424,312,-240,-987,431,181,-29176,-1072,-17104,-1411,497,1943,-17456,2312,-11976,-2188,-3641,193,-15088,-1720,11088,-65,1434,505,120,136,going_down
816,-6724,-9528,10784,-2882,-2269,4681,-13272,-576,-8212,-4933,16552,-761,-11560,-1384,-1864,-801,439,292,-27040,-5704,-19920,-2386,369,1345,-14288,3888,-12088,-2239,-2399,-39,-21368,1704,18128,-513,569,194,119,137,going_down
817,-7572,-10224,10772,-2951,-614,5904,-13852,-1888,-11188,-3628,17014,-287,-13680,-2000,976,-839,733,317,-21696,-17224,-23464,-1773,258,732,-9448,1496,-11256,-2271,-1232,-278,-21360,2568,18976,-658,325,126,143,133,going_down
818,-7228,-11064,11048,-5429,2499,8268,-15376,-1116,-8816,-3371,18811,1412,-14352,-2616,568,-595,773,224,-14504,-14544,-25808,-963,-146,173,-9024,-1912,-9624,-1640,207,-307,-18776,3504,13544,-1720,486,-155,118,126,going_down
819,-8244,-11736,11052,-5891,4878,11851,-15832,-532,-11452,-3262,20457,1003,-15080,-2464,1992,-433,577,231,-8736,-9344,-21064,-1253,1122,-770,-11440,-1840,-6896,-915,1285,50,-18048,-2592,10488,-1487,442,21,121,137,walking
820,-7132,-11892,11432,-4894,8721,15720,-17992,676,-13052,-4691,22836,600,-16656,-1904,5280,-142,386,417,-13776,-6024,-14224,-1403,1942,-1219,-12960,2920,-6680,-625,2067,-39,-15800,-4880,6176,-391,115,21,123,134,walking
821,-10012,-14448,13568,-3474,15511,23217,-24172,1448,-11448,-7042,26457,-1267,-19016,-3416,13152,368,-372,638,-9808,-4552,-10736,-757,2771,-1059,-11872,136,-5904,-784,2275,-62,-12152,-4696,2296,797,219,49,126,121,walking
822,-10816,-17604,14920,858,22846,32767,-31872,2988,-8348,-10648,32767,-5541,-17392,2936,17040,498,-1267,690,-32768,12400,32767,2287,2785,487,-6944,-3816,-32768,-1655,2515,-159,-10344,-6248,14504,605,144,288,123,136,walking
823,-13148,-17044,15400,7440,31104,32767,-32768,4192,-10400,-17288,32767,-9645,-16304,9392,13760,-340,-1931,267,-32768,-32768,-32768,-7282,-13439,2475,-12952,20312,-29416,420,5750,864,-5048,1280,-3088,1494,-847,-377,122,126,walking
824,1144,-20716,22404,13768,32767,32767,-32768,3072,5404,-28147,32767,-6254,-25872,1584,1776,-1662,-2617,-159,3744,32767,31464,-3372,-6394,3663,-32768,4080,8672,-1683,4527,-122,-27792,3696,-21288,3514,423,126,122,140,walking
825,-4752,-26204,30548,20100,32767,32767,-11364,-7056,11224,-32768,22101,-9660,-27552,-2776,-8192,-1485,-2796,-867,-20152,16448,3848,-1821,-3416,1609,-32768,-1816,18832,-1560,4317,-648,-32088,13232,11416,-542,-1186,61,123,86,walking
826,9940,-32768,29100,1028,23863,31672,-4176,3796,-15064,-12101,22420,4325,-27568,-6120,-7384,-1734,-2395,-981,-17416,11792,10704,-1406,-2739,64,-15976,11240,-12208,-492,2247,687,-15760,21256,-9664,-710,896,530,119,141,walking
827,-32768,-32768,32767,-5041,-9897,-3969,-13292,-8088,8808,-4829,5114,9246,-32768,-4432,-3968,43,-2613,-1644,-6312,-968,18440,-1075,-2072,182,-30288,-8144,-7472,-194,2087,332,-22336,6824,2064,-2693,305,20,122,128,walking
828,27252,-6948,-4296,11515,7803,-6745,-10788,-2400,-1244,11904,-9363,-137,-32768,320,-4280,908,-3021,-1677,-184,6056,22632,-187,-171,187,-32768,-8504,-11456,455,1667,354,-32768,-2840,6256,-3160,334,-93,124,123,walking
829,5084,-12384,-388,5239,-288,-24294,-4472,-3376,-5872,14339,-22469,641,-32768,3032,-6776,1014,-2788,-1610,-12448,5728,11664,281,714,22,-17152,4896,-13672,1217,1666,-48,-24816,-12272,-7152,-733,956,-217,124,129,walking
830,12372,-19236,4332,3968,-3938,-32768,-9588,-5288,-7228,23957,-32768,393,-30232,10240,-6088,1000,-2458,-1727,-11720,7672,10320,372,730,-113,-10400,12168,-12424,449,1564,299,-15416,136,-6536,2448,639,-166,124,123,walking
831,-6880,-5812,15996,3347,-14298,-32768,-8304,460,-12512,28495,-32768,1828,-23448,11768,-5672,1012,-2051,-1451,-11840,6912,8912,263,657,-462,-13720,5448,-14808,-426,903,337,-17232,11992,-9336,3165,1126,374,122,124,walking
832,-12344,-9548,22076,-6996,-32768,-30906,-11252,8144,-15824,16262,-32768,2774,-17584,10272,-4256,884,-1376,-895,-12200,5680,8792,263,466,-425,-13744,600,-12408,401,299,-224,-18448,14544,-6272,1730,1762,500,123,121,walking
833,-15940,-14504,20092,-12179,-32768,-28628,-13028,14112,-17136,-6333,-32768,-5287,-12040,8408,-6432,750,-728,-703,-12272,6360,9872,286,369,-468,-15936,1832,-10192,918,-92,-110,-18328,12264,-4248,-450,1913,-118,121,129,walking
834,-16484,-12544,20904,-13735,-32768,-32557,-12928,13832,-17008,-10196,-32768,-6151,-7808,8272,-6600,777,-265,-242,-12088,6000,10104,299,399,-570,-14240,2376,-8824,839,-82,173,-17264,3872,-3800,-1664,2018,-379,116,126,walking
835,-17532,-10636,20816,-13746,-32768,-32387,-18188,7612,-14440,-26757,-32768,-16967,-3528,8792,-3744,643,35,272,-12264,5208,9960,324,411,-553,-14688,2760,-7864,531,165,113,-17768,-2632,-1680,-1518,1942,-49,114,128,walking
836,-28364,-11024,29772,-15333,-32768,-14319,-19356,7832,-15248,-27522,-32768,-18483,-1720,10456,-2648,2,289,441,-12000,5576,10328,365,533,-620,-14936,2040,-6712,167,163,25,-16592,-5120,1480,-814,1808,-69,118,123,walking
837,-28548,-5732,27740,-26449,-32768,-13500,-20716,5560,-17640,-27967,-32768,-24400,-3064,10664,-816,-972,430,522,-12360,5152,9856,374,670,-689,-15440,72,-5968,358,196,114,-15120,-6032,4880,298,1872,96,118,131,walking
838,-26268,-4724,26056,-28328,-32768,-6586,-24664,6372,-15752,-11238,-32768,-22633,-5504,10584,2504,-1774,597,342,-12760,5464,8272,349,686,-682,-13976,1040,-6744,842,371,135,-13688,-1800,4072,1655,2030,169,119,127,walking
839,-20752,-8404,23744,-26445,-24767,-8371,-23504,10024,-17972,-10375,-32768,-21209,-11248,7912,6960,-2545,561,167,-13184,5088,8816,350,646,-682,-13176,3736,-5888,913,576,135,-14152,1296,4080,2324,2028,341,122,125,walking
840,-31028,-252,32764,-20964,-18224,-14044,-19928,5796,-17916,-9845,-32768,-16650,-20216,-224,9320,-3689,582,31,-12944,5976,9600,335,800,-758,-16096,3992,-5056,504,771,50,-15872,4824,2424,2099,1773,287,122,122,walking
841,-29216,12444,24652,-18433,-23583,-14317,-15028,8540,-16512,-10659,-27493,-10276,-20856,-11120,8736,-4259,1525,-669,-13136,5168,10072,381,1140,-919,-16320,3760,-5152,448,800,34,-16792,8000,4536,1141,1545,17,121,125,walking
842,-31672,11168,10860,-6097,-9498,-9618,-13800,4188,-16348,-8217,-17656,-6729,-18384,-18376,6776,-3767,2352,-605,-13256,4856,11336,477,1641,-1060,-18816,2272,-4720,265,1373,-212,-18504,8080,5216,58,1324,-231,122,139,walking
843,-32768,10808,820,-3987,2720,-8484,-10572,368,-16624,-133,-5653,-1987,-19440,-16360,4352,-2013,1473,-407,-13096,4064,12096,616,2330,-1278,-20272,1832,-3800,150,1724,-362,-18672,4304,7512,-642,913,-258,124,129,walking
844,-32768,9432,-4180,1919,13491,-1750,-9108,120,-16808,7983,5063,2446,-19504,-17376,8360,639,319,86,-13032,4792,12080,771,3225,-1509,-21544,1224,-3856,90,2053,-462,-20488,-488,10832,-1020,761,-37,111,130,walking
845,-3504,29740,18172,12833,22818,17159,-28652,-11512,-1220,4490,14021,1298,-32768,-12392,13648,1341,-2141,339,-13296,7888,13752,1009,4716,-1963,-29584,5008,-3160,439,2335,-567,-27648,4144,13920,-463,219,-317,127,134,walking
846,-14364,-32768,23580,2738,18245,11458,-32768,16436,6588,22956,13278,7239,-22944,-3560,-6520,5472,-1070,985,-9848,11384,13048,1354,6862,-3367,-32768,3048,4960,805,2444,-459,-29144,2504,9024,-232,-660,-640,126,130,walking
847,-9580,-13840,17712,811,2127,1732,-15180,-8544,-14060,10507,17864,1236,-17088,16672,-4432,6211,-476,141,-12752,7248,10288,1793,8624,-4654,-29912,-1216,7488,1692,2324,147,-22392,-4376,8104,-546,-1540,-1121,124,122,walking
848,-5832,-13932,10400,8068,2368,1705,-9252,-4536,-7616,17681,13980,7911,-9840,16216,-9232,2520,836,-1086,-32768,-7384,7336,1892,8653,-2970,-21040,-3184,-16704,1905,3043,-273,-23888,4208,5648,781,-2460,-1129,123,128,walking
849,-4332,-8800,11188,8562,975,1341,-19856,-3012,-8592,21033,7608,3938,-10768,17088,-8136,-495,1709,-777,-32768,25696,3792,342,5304,-944,-30680,11912,-21600,3333,3490,-1444,-25224,15024,-7320,1865,-2793,-419,123,126,walking
850,-6048,-10076,12120,4867,449,811,-16196,9172,-7860,7685,6717,-362,-11184,8328,-8632,-2835,1512,-140,200,9456,22688,-1197,533,922,-18864,16232,-8888,1065,2411,-1436,-27072,14224,-14936,779,-2854,448,120,130,walking
851,-5348,-10444,11292,1323,-14,728,-14700,3248,-5812,-13898,8979,-4419,-19816,-4592,-7752,-3166,1763,809,-14672,-3848,32767,363,-697,-1218,-16216,7080,-2064,-920,1402,-1472,-25872,8648,-10072,-1424,-3230,376,122,133,walking
852,-5200,-11676,10432,-133,-42,580,-15044,2172,-4936,-16002,8831,-4889,-19200,-9848,-5328,-1179,1716,830,-32344,25248,8000,160,-2983,-1659,-12536,2792,-1064,-1469,185,-1699,-24088,7544,-4872,-2416,-3310,383,124,123,walking
853,-5184,-11196,10520,-76,189,846,-17376,-6728,-1604,-11638,5658,-4632,-18272,-5928,-1616,218,1380,127,-2760,15216,13840,-1205,-3131,-1606,-9368,2328,-3800,-1285,-868,-1401,-21456,7208,-4120,-2080,-3078,586,127,122,walking
854,-5264,-11096,10428,-28,209,870,-16748,-6572,-728,-1612,4656,-707,-17216,-160,-520,181,1101,-71,-3280,14000,12496,-2287,-3564,-1121,-7168,3424,-4976,-884,-1538,-1626,-17856,6176,-5472,-1724,-2761,748,124,124,walking
855,-5416,-10696,13220,2514,644,234,-15904,-5380,-1072,3381,3050,548,-15024,2112,32,-542,894,199,-4952,13752,8072,-2473,-4106,-79,-6976,3744,-5416,-700,-2433,-1656,-14720,6016,-7160,-1693,-2371,711,120,129,walking
856,-5104,-11804,10384,1741,133,768,-15496,-4448,-2304,6179,3174,1569,-13488,856,616,-1072,895,478,-7008,16992,5312,-2295,-4512,980,-7840,4480,-7808,-342,-3426,-1334,-13552,6856,-8600,-2017,-2133,567,122,129,walking
857,-5444,-11632,10124,2036,-390,963,-15376,-696,-1708,1430,4498,310,-15224,64,-352,-1344,1145,225,-8928,17888,2312,-2413,-4940,2189,-8608,6864,-5536,-406,-4145,-1002,-12648,8376,-9184,-2674,-1729,447,124,129,walking
858,-5188,-10620,10792,2462,-617,989,-15844,568,-2276,-5482,5342,-2152,-18512,1816,-616,-1631,1366,-146,-11520,15960,1712,-2121,-4838,3314,-8304,9912,-9848,-964,-4611,-812,-12272,8640,-8784,-3287,-1480,231,123,128,walking
859,-5308,-10184,10892,2078,-672,943,-15276,-1856,-1920,-9721,6301,-2369,-17664,232,-440,-1891,1337,-192,-17704,18224,1624,-2017,-4745,3626,-9496,12296,-11448,-2063,-4971,-668,-12232,7656,-8888,-3908,-1286,57,123,131,walking
860,-4996,-11272,10752,1815,-593,1039,-16260,-5040,-796,-6471,6512,-1211,-16120,-2744,-1272,-1801,1185,-100,-20048,18032,520,-2194,-4579,3610,-12856,10576,-13000,-3140,-5261,-612,-10824,3904,-8496,-4291,-1061,-44,122,130,walking
861,-5216,-10580,10916,2209,-79,1252,-16204,-4472,-1912,-805,5872,-27,-15496,-4256,-1384,-1720,1227,167,-22656,20200,136,-2257,-4081,4092,-16672,8152,-14400,-3542,-5327,-620,-9640,1008,-6880,-3868,-729,33,123,128,walking
862,-5372,-10772,11092,1707,417,1346,-16232,-3320,-2620,2863,6033,1480,-17240,-3680,-2304,-1743,1123,231,-21640,19336,1240,-2404,-3367,4560,-20024,6960,-15704,-3565,-5377,-633,-9408,-2064,-3040,-2930,-314,312,122,125,walking
863,-5392,-9828,11320,1325,796,1711,-15324,-1068,-4260,2466,6078,965,-15224,672,-840,-1342,903,-12,-31000,19512,3296,-2069,-2463,4768,-20072,5968,-17040,-3314,-5274,-672,-11240,-3376,-72,-2198,0,658,122,127,walking
864,-5440,-10940,10660,1068,727,1693,-15640,-1100,-3344,-2647,7394,-8,-14312,3928,-1280,-1088,1092,-84,-32768,25200,-880,-2821,-2522,4829,-20504,9728,-16448,-3123,-4788,-697,-13424,-2960,2160,-2120,168,908,122,123,walking
865,-5344,-10712,11112,523,1353,2457,-16272,-1704,-3824,-4409,7609,-1703,-16272,3248,-2816,-1231,979,-124,-32768,19576,-6624,-3877,-2364,4203,-17624,12096,-15960,-3866,-4270,-485,-14904,-2240,4016,-2231,220,979,121,128,walking
866,-5780,-9828,11156,-751,2020,3098,-15984,-1480,-5112,-4955,7964,-1890,-15272,1504,-3136,-1312,927,86,-30784,16544,-9272,-3384,-1733,4212,-16984,9856,-16320,-4803,-3432,-670,-14744,-3072,5040,-2226,439,1020,122,131,walking
867,-6180,-9524,11372,-2478,2878,3321,-16876,-2640,-4588,-3470,8184,-1525,-15448,192,-3976,-1737,1000,198,-27824,14088,-11464,-3203,-928,4133,-16600,5352,-16240,-5072,-2517,-540,-14800,-6504,7632,-2220,509,696,122,130,walking
868,-4736,-9412,11828,-4773,4674,4118,-17160,-2316,-4596,-1207,8130,-1274,-17040,-96,-1040,-1220,1121,212,-26176,6016,-10288,-2676,14,4118,-14560,1480,-17312,-4429,-1812,-495,-16568,-1984,12728,-2553,-301,171,121,126,walking
869,-6284,-11400,10996,-5787,6080,4936,-16564,-1596,-3104,-2655,9766,-1704,-17280,-2288,-1080,-1015,930,141,-28304,1008,-8984,-1594,484,3495,-12784,1616,-15080,-2889,-1020,-339,-17328,4216,11584,-2739,-976,-129,122,128,walking
870,-5928,-11676,10788,-5430,8104,5724,-16360,-2896,-2980,-3457,11336,-2159,-17224,-3024,-1504,-928,751,21,-26920,-1432,-8968,-665,549,2018,-11216,1752,-14024,-1440,-224,155,-16624,2352,8728,-1619,-92,195,120,121,walking
871,-7064,-12048,11084,-4086,10039,6401,-17212,-2992,-3132,-3035,12860,-2077,-17296,-1096,-1488,-925,415,7,-26216,-904,-8616,-523,547,1823,-10016,3584,-12512,-495,552,415,-16744,-232,7640,-509,136,406,121,144,walking
872,-6996,-10920,10788,-4219,12592,9685,-17852,-2080,-4740,-2524,13855,-2313,-16856,2384,1584,-775,356,6,-19280,6376,-3952,-96,112,167,-11368,4824,-10936,-296,1144,561,-16800,-624,8264,-55,48,323,121,138,walking
873,-7888,-11680,10912,-4512,13965,12393,-17520,-1088,-4848,-3662,15127,-2808,-16336,3192,2328,-1157,417,-34,-15688,8392,2240,246,-2,17,-12952,3672,-7344,-327,1302,575,-3520,-344,-4152,937,655,121,121,134,walking
874,-7812,-11380,10940,-4607,14281,12892,-18056,-1272,-3880,-5604,16613,-4132,-18320,3080,3432,-1680,423,-130,-6616,13360,4072,1046,339,128,-13384,1040,-304,-124,881,740,-696,-2624,-14488,2061,1395,545,123,139,walking
875,-8800,-13228,10524,-5208,17319,19734,-18788,-856,-2936,-8529,18491,-6234,-17128,3824,5840,-1843,-52,-234,28496,-32768,-8680,-2859,2160,-148,-25912,-11752,-8432,-1561,1051,614,-31696,6864,24832,-1567,-565,552,126,128,walking
876,-7936,-14048,10788,-6880,20255,27209,-22852,-584,-2116,-14352,20065,-8848,-20672,2216,10560,-2220,-632,-422,-32768,32767,32767,-1053,1076,-3013,-32768,3880,-8712,-11,1947,78,-32768,3576,12224,-4381,851,1027,123,121,walking
877,-7804,-16516,9996,-9035,26251,32767,-31736,276,-340,-21762,20185,-12081,-25216,3488,3896,-2966,-1696,-717,-10648,27864,-6472,-99,-103,-1145,-19456,-5824,-10336,-1263,2008,921,-32552,-11040,-7696,-1515,2418,364,127,143,walking
878,-18268,-14124,3772,-27562,32767,32767,-23960,5180,1760,-29160,20044,-16854,-21760,6504,-864,-2656,-2350,-375,-9640,6064,17096,227,-295,217,-8848,4712,-8104,-81,1985,907,-2728,-2824,-11568,1540,1179,282,121,133,walking
879,-32768,-22592,27904,-32768,32767,32767,-19964,236,-17812,-32768,27802,-16161,-20720,2256,-6568,-3154,-2315,-617,-11496,1168,14408,61,-236,240,-15768,7840,-6648,-1140,1316,10,432,4464,440,1511,698,604,121,124,walking
880,-18580,-21596,14148,-32768,32767,32767,-21336,-2440,-9464,-32768,25440,-5286,-25520,3520,-14064,-2497,-2375,-1455,-9216,7304,11912,58,-98,129,-21536,-320,-6112,-1010,744,235,-17080,21320,-6560,552,730,611,122,120,walking
881,-5584,-18372,14200,-32768,8833,27116,-19432,-6352,-13320,-28250,20520,-6717,-26736,6328,-10784,-1335,-2434,-1861,-10016,6872,12016,-22,-129,29,-16096,-1368,-6104,551,761,265,-27144,11432,-5408,-2684,1491,-165,121,119,walking
882,-3452,-32768,11020,-1511,-9522,-29,-12308,-4988,-2944,-16930,8323,-5211,-25584,7184,-5328,-204,-2721,-1517,-9152,7096,12488,-3,-91,-23,-18960,3016,-3856,1285,750,389,-21440,792,-392,-2136,1534,-136,122,125,walking
883,7228,-11408,4180,5157,-7677,-13529,-10968,-3128,-1848,-2070,-1598,-8665,-22400,9288,-2304,294,-2995,-1094,-10264,6496,12056,29,-63,-56,-15416,6368,-3904,98,736,89,-13664,-296,1016,-1226,1568,397,124,139,walking
884,-2864,-10068,12352,-12558,-15703,-15965,-6376,2396,-4208,2909,-10448,-10160,-17408,10784,-1976,-332,-2472,-1119,-9464,5872,12360,-69,17,-55,-15232,488,-4088,-750,394,30,-11792,-1632,-272,-1007,1394,170,124,135,walking
885,1864,-6588,13868,-15860,-26586,-18630,-7960,5484,-3492,2843,-18099,-13224,-15784,13280,-1120,-542,-2215,-786,-9720,5584,12496,-2,134,1,-16776,-2848,-5128,-405,502,111,-14152,-4664,144,-498,1378,-221,125,126,walking
886,-2844,-3732,15108,-23126,-28109,-19827,-10240,11068,-3564,3128,-24309,-15156,-13888,14536,-2632,-1042,-2052,-410,-9952,6128,11816,8,60,36,-16384,920,-4776,87,575,55,-16640,-2840,-792,195,1589,-106,127,125,walking
887,-2804,-4940,17268,-22929,-31271,-22965,-9120,15056,-4564,-6650,-27303,-17771,-11360,12784,-3104,-1970,-1743,-273,-9264,6104,12280,-30,-56,-7,-16024,1000,-3376,147,438,131,-17288,-768,216,758,1786,278,127,129,walking
888,-4788,-1960,21152,-23079,-30715,-24849,-10852,13316,-5456,-13706,-30383,-18765,-10704,7864,-3840,-2317,-1638,-317,-9368,6360,12536,-24,-64,2,-16088,1720,-2960,220,386,192,-17304,3088,424,841,1828,417,126,128,walking
889,-8068,-1784,26612,-21985,-32768,-24562,-13564,10768,-6400,-13232,-32768,-18390,-10768,3616,-4648,-1999,-1310,-185,-9264,7296,12200,-76,-82,-61,-15848,2824,-2944,-36,514,137,-15968,6456,-8,242,1660,166,125,130,walking
890,-11408,-336,27856,-21196,-32768,-22004,-14768,12344,-8612,-13136,-32768,-15878,-11632,1272,-3624,-1150,-1106,-25,-9376,6568,12272,-95,-89,-168,-15728,2456,-3720,114,604,57,-14352,6792,712,-477,1543,-110,125,127,walking
891,-15180,12,26420,-21837,-32768,-16994,-15928,13120,-10044,-19504,-32768,-14994,-11640,616,-1952,-647,-925,89,-9312,6432,12384,-83,-90,-230,-16400,2216,-3960,134,633,-82,-15568,5432,664,-818,1608,-193,125,128,walking
892,-16724,-2828,23700,-21602,-32768,-11299,-16272,11376,-10476,-26895,-32768,-16817,-10056,1632,-1456,-890,-586,199,-9408,5984,12440,-80,-26,-277,-16224,1232,-4536,38,671,-89,-16984,3248,-768,-731,1721,-279,125,128,walking
893,-15280,-5812,21664,-21318,-32768,-10383,-17744,9328,-11048,-29019,-32768,-19012,-8832,3104,-776,-1921,-125,408,-9136,6336,12712,-51,88,-310,-17008,1800,-5000,-131,719,-103,-17392,1328,-2112,-591,1786,-195,127,128,walking
894,-16176,-5352,20692,-19228,-32768,-9541,-19616,5460,-9644,-25293,-32768,-18755,-9512,2704,216,-2803,245,547,-9664,5656,12848,10,260,-388,-17688,408,-5064,-50,741,-99,-16400,-408,-2384,-748,1660,-63,124,129,walking
895,-17232,-2272,22520,-18974,-31565,-6786,-19368,3980,-11040,-18674,-32768,-16239,-11088,1448,1184,-3480,616,490,-9960,6152,12888,67,451,-413,-17336,136,-4704,204,813,-144,-16656,-720,-2328,-914,1486,-71,124,127,walking
896,-22572,-2684,26892,-18458,-32697,-4832,-18616,6772,-12020,-16718,-32768,-11918,-13688,-1352,368,-3585,966,190,-10032,6192,12728,61,470,-429,-16808,1392,-3128,337,970,-167,-17968,-624,-104,-674,1273,0,121,129,walking
897,-21696,1304,23732,-16987,-32768,-2974,-18636,9568,-11736,-19157,-29843,-8836,-14272,-6384,2680,-3153,1312,91,-10392,6432,13464,-60,934,-531,-17352,1544,-3768,-13,1204,-266,-19272,-128,1080,-181,990,-67,119,131,walking
898,-20756,564,17924,-12670,-28340,-2704,-18012,8080,-12116,-21314,-24552,-6997,-15184,-10024,6344,-2289,1346,51,-10152,5544,14176,-195,1398,-559,-18856,416,-4784,-300,1402,-405,-18664,-592,336,225,736,-117,120,128,walking
899,-23260,-280,10484,-4316,-18633,-3662,-17096,2112,-12484,-16600,-18993,-5975,-17592,-11856,5832,-575,1036,222,-10208,5856,14720,-144,2237,-935,-19856,-536,-4152,-187,1475,-488,-18520,816,-1080,362,751,-278,123,130,walking
900,-28760,456,6828,-401,-8667,-4853,-13380,-2864,-13832,-4481,-11638,-1761,-19704,-10240,4752,1067,757,897,-11072,4768,13624,-50,2710,-946,-19616,864,-4336,-105,1635,-604,-18760,4528,496,144,727,-304,120,127,walking
901,-27240,1784,3264,3280,-1036,-6617,-11488,-2416,-13848,9085,-5149,2779,-20184,-7064,5688,1557,564,1094,-12256,4224,12800,243,3493,-1200,-19608,2288,-3448,-186,1839,-775,-18864,5680,3304,4,673,-244,121,132,walking
902,-30844,4076,-3332,3927,13480,-1653,-12712,-1204,-15140,17849,1857,5974,-16352,-3592,3496,1812,630,895,-12120,6776,11968,564,4487,-1630,-19856,4064,-1968,-288,2103,-946,-19280,4608,4512,-23,405,-265,125,129,walking
903,-32768,9516,-2696,7070,11430,-2270,-21356,-13228,-888,4914,8377,2994,-14696,-320,-712,1925,775,809,-9456,8616,14120,327,5039,-2100,-22416,4832,-2616,-274,2334,-961,-22296,4584,6544,-137,-5,-365,121,129,walking
904,-32768,-5720,31452,6478,8298,22959,-30668,12424,7008,13541,1095,-843,-25744,3696,-3264,2404,1161,1321,-12496,10360,10352,374,6010,-3109,-27960,4576,-1336,207,2415,-881,-24760,4808,7336,-326,-703,-407,123,131,walking
905,15332,30056,16476,18828,6845,7601,-15268,-6300,-11516,5827,8144,-4468,-29848,10280,-1104,2557,1656,1028,-11328,10760,9280,615,7079,-4482,-28832,1528,3928,1416,2315,-554,-21104,-1888,12528,-1786,-2392,-559,125,130,walking
906,-7272,-15188,11424,11500,844,324,-13516,736,2824,3184,11819,4804,-22032,8200,208,2268,1651,-270,-20336,4296,12864,738,7170,-5315,-21792,1648,2160,1896,2796,-582,-18248,-2416,7064,-89,-1843,-735,124,130,walking
907,-3872,-7872,12948,7778,803,-174,-21812,-3572,248,6558,9261,-2409,-12256,8104,1616,556,1453,-903,-32768,14176,4120,552,6206,-3944,-17680,7632,-12376,2225,3067,-1181,-18016,5288,-840,1158,-2564,-551,121,129,walking
908,-5300,-12548,9760,7335,1042,-203,-12104,-2368,-2276,6916,8245,87,-5264,9552,-160,-1091,1512,-664,-32768,19056,12776,-1398,1805,-2515,-24568,16232,-13904,757,2991,-1609,-21552,15608,-9712,1866,-2601,99,121,132,walking
909,-5256,-11712,10424,5555,378,-267,-15720,-4676,-308,5019,7285,-98,-6296,6040,-5544,-1668,1149,-226,-6000,32767,19464,-4052,-2175,-535,-20560,8312,-8776,-1329,2373,-1872,-24224,14208,-12992,244,-2665,825,121,130,walking
910,-5004,-11344,10648,3972,271,-22,-17032,-3540,-2176,5759,5663,-274,-15904,336,-10216,-1121,1000,359,-3608,16704,29360,-1533,-1251,-548,-17616,912,-2304,-1979,1233,-1786,-23176,10848,-8912,-2022,-3017,704,122,132,walking
911,-4724,-11284,10608,2509,-202,55,-14936,768,-1916,-5452,6744,-840,-20584,-10096,-10840,-823,1161,134,-13248,18032,13200,-2268,-1005,-8,-13576,4632,-2104,-1055,418,-2111,-23472,10128,-6712,-2835,-2873,807,122,130,walking
912,-4804,-11324,10648,2026,-348,137,-16204,-2772,-1444,-13982,6452,-3464,-20784,-10688,-6632,-2321,1622,-855,-10736,10240,14032,-3094,-1853,369,-9160,6008,-4336,-1617,-548,-1939,-21048,8280,-5952,-2855,-2695,890,122,125,walking
913,-4580,-10944,10784,1539,-370,260,-15972,-5600,-204,-12967,5786,-2266,-15976,-1624,-5312,-1554,1033,-480,-5688,12416,14320,-2738,-2980,1241,-8592,6728,-5176,-2037,-1498,-2227,-18768,8960,-7368,-2846,-2478,837,122,127,walking
914,-4464,-10784,10964,1385,-84,459,-16400,-6112,732,-6691,5415,-140,-13704,-280,-2896,-219,214,203,-6584,14568,8520,-3083,-3989,1543,-9136,4768,-6416,-2174,-2428,-2066,-17360,8776,-8528,-3138,-2258,831,122,130,walking
915,-4752,-10804,10776,1188,6,663,-15692,-4788,-144,-2745,5190,1249,-14736,1432,-1696,-437,350,71,-7936,14464,4960,-3016,-4477,2152,-9088,4064,-8328,-1802,-3256,-1805,-16696,7272,-9808,-3767,-1956,669,122,130,walking
916,-4744,-10744,10892,1025,-83,682,-15256,-4212,-1248,-1623,4963,1786,-15848,3528,-1496,-1219,653,-347,-8120,19120,1392,-2741,-4562,2861,-10104,7304,-8904,-1472,-3865,-1640,-15872,5648,-9752,-4238,-1844,421,122,131,walking
917,-4640,-10644,11000,834,-98,811,-16084,-2300,-1744,-3192,5225,1889,-16288,3760,-3296,-1945,439,-452,-11536,19640,440,-2855,-4173,3455,-10216,11000,-10712,-1987,-4392,-1262,-14808,3928,-8896,-4229,-1736,290,122,133,walking
918,-4564,-10828,10948,1205,-317,1531,-15788,-1072,-1384,-8331,6069,730,-16056,1784,-5056,-2155,555,-498,-16512,21200,976,-2798,-3952,3864,-11640,11376,-13176,-2730,-4806,-1114,-13688,1648,-7968,-4010,-1441,218,123,131,walking
919,-4628,-10756,10936,1211,-318,1781,-15308,-2924,-1120,-10072,6265,-182,-14728,-1536,-4104,-1971,528,-456,-17248,20736,800,-2781,-3931,3898,-14328,9736,-13760,-3068,-5058,-858,-11848,-448,-7096,-3786,-1081,167,123,131,walking
920,-4972,-10364,11164,1395,-418,2788,-16136,-4380,-2432,-7344,5907,373,-14368,-1840,-4120,-2139,540,-337,-22512,21776,1960,-2525,-3451,4528,-15608,8856,-14784,-3142,-5120,-595,-10480,-1656,-5584,-3169,-785,262,123,128,walking
921,-5080,-10924,10836,1056,-362,3082,-16172,-3596,-1620,-5057,6346,1904,-15576,-240,-2256,-2167,639,-116,-21776,20720,1744,-2444,-3029,4767,-18728,9272,-14864,-3331,-5088,-554,-10208,-1728,-5032,-3000,-742,287,123,128,walking
922,-4752,-11324,10876,992,-667,3054,-15352,-2032,-864,-4339,6792,982,-16024,440,-1664,-2012,570,-31,-26176,19856,3304,-2373,-2470,4554,-18760,7328,-14976,-3514,-4955,-447,-10352,-2848,-416,-2141,-302,654,123,129,walking
923,-4540,-11292,10980,1117,-113,2950,-16284,-2972,-1640,-2846,7389,378,-16728,-904,-3104,-1885,578,-48,-29520,20976,1712,-2613,-2183,4243,-18744,7448,-15600,-3566,-4644,-390,-11680,-2984,792,-2284,-96,766,123,129,walking
924,-5104,-10380,11268,545,829,3475,-16820,-3020,-2952,-1624,7668,476,-15648,80,-4208,-1679,628,-33,-26640,13760,-1000,-2958,-1859,4056,-18192,7784,-14600,-3747,-4219,-231,-14544,-2968,3000,-2345,-1,724,123,127,walking
925,-5544,-10740,11028,-685,1667,3867,-16416,-2256,-2980,-2421,8096,721,-15736,-136,-2728,-1419,726,59,-26944,16520,-5008,-2655,-847,3483,-19264,7224,-16352,-3985,-3585,-423,-16392,-3848,5344,-1963,-39,632,122,128,walking
926,-5652,-11052,10992,-1708,2269,4052,-15868,-1724,-3644,-4036,8858,-495,-16400,-704,-1464,-1225,776,56,-32768,12080,-7144,-2785,-243,3072,-14736,5640,-18488,-4255,-2724,-446,-17272,-4008,10448,-1540,-156,546,122,129,walking
927,-3792,-10328,11928,-3378,3387,5068,-16456,-984,-2216,-5761,9839,-1030,-16616,-1120,-512,-1084,735,59,-32768,3944,-8560,-2086,-431,2943,-13720,3192,-18968,-3260,-1829,-299,-16768,-808,13760,-1667,-559,555,123,125,walking
928,-5504,-10352,11876,-5187,4893,5488,-16656,-1616,-2424,-4949,11612,-922,-17032,-504,-80,-931,662,20,-31136,-520,-13240,-945,-220,1662,-12208,2384,-18888,-1709,-846,87,-16608,2456,13056,-1422,-601,508,123,126,walking
929,-5584,-9924,11848,-6668,7082,6244,-17488,-1972,-2776,-2368,12879,-83,-17536,-288,400,-930,561,66,-29696,464,-13096,-30,-60,636,-8320,3480,-17760,-385,53,435,-16920,904,8312,-728,-268,375,122,131,walking
930,-4800,-11344,12052,-7174,10499,7198,-18384,-1768,-3520,-165,13962,242,-18160,40,328,-955,497,128,-24496,960,-88,1196,18,-421,-10280,4936,-14584,531,778,793,-13896,-616,5112,194,266,209,123,135,walking
931,-5604,-10100,11096,-8045,13879,9373,-18440,-1656,-3640,2,14102,200,-17288,672,936,-1020,470,109,-19792,5624,-5048,889,2067,54,-14456,-1944,-10168,503,1362,845,-12624,-1304,13496,528,-490,93,122,133,walking
932,-6688,-11448,11560,-8410,16429,12323,-18940,-560,-3244,-1987,16889,-708,-18024,1288,1160,-1094,411,30,-20736,-9912,25704,1281,2436,-1251,-32768,-8400,-2976,158,2028,284,-14400,6304,6080,1656,-373,546,123,124,walking
933,-7072,-12068,12016,-8173,19139,15654,-20888,-2088,-1972,-3214,18660,-1003,-20328,-360,576,-1110,302,-70,-32768,4176,20768,250,-128,-1344,-25048,3408,-1760,729,2217,-127,-26480,4176,1776,-1622,316,1116,122,130,walking
934,-7704,-13920,11336,-7041,22740,21522,-22984,-2068,-1244,-2948,20280,-1261,-22336,-184,752,-1394,-136,-202,-7656,20576,9720,-240,949,-569,-9536,2080,-8728,-958,2046,499,-20464,-7528,-2632,-2033,1489,352,124,123,walking
935,-7888,-15284,10696,-7505,26066,29971,-23532,284,-2776,-5969,21369,-3589,-22032,1464,5000,-1189,-651,-402,-10864,-1640,13440,-375,379,-167,-9560,4872,-10416,-1931,1781,510,-13152,-3816,-2648,-303,1111,125,124,128,walking
936,-9988,-20436,7096,-11680,30939,32767,-28972,3588,4504,-17792,22070,-7910,-23072,9208,19048,-487,-2911,-585,-13392,11264,10408,-161,93,312,-23688,-1456,-9488,-2045,1443,260,-11312,3024,-3496,458,1359,587,122,127,walking
937,-17540,-760,1344,-29512,32767,32767,-22520,8456,-3688,-29860,18835,-16931,-17840,18712,920,-1840,-2657,-309,-11192,5816,12336,-54,-19,350,-19120,-4968,-7992,-126,1104,257,-14232,7112,-1544,-14,1299,881,122,121,walking
938,-32768,-22656,27172,-32768,32767,32767,-15868,3208,-14420,-32768,27956,-9074,-20032,10456,-8704,-4214,-2092,-770,-9800,6592,12360,84,-151,359,-16120,1200,-4896,1641,911,524,-19848,7168,-1216,-231,1505,645,122,130,walking
939,-21960,-32768,17616,-17394,23045,32767,-27976,-13688,-15080,-32768,27981,-13274,-22072,8096,-13528,-4732,-2070,-1420,-9048,7568,12024,72,-86,164,-16160,8040,-2280,1273,895,535,-18952,7592,744,-59,1503,517,122,135,walking
940,-3888,-24152,30276,-22683,-11921,20738,-17612,-8964,-10664,-20608,16454,-4939,-26368,3848,-10328,-3273,-2011,-1983,-9560,6600,12464,-24,-1,-4,-15384,8272,-3384,-286,819,122,-15296,8872,1792,-533,1466,123,121,136,walking
941,-2528,-27324,14312,-12878,-25499,12292,-14952,-800,-384,-9255,7953,-2317,-24440,-96,-7056,-603,-2624,-1844,-9408,5736,12680,-50,83,-42,-16480,2472,-4208,-1152,780,-107,-13592,4160,1560,-1272,1380,4,123,129,walking
942,7464,-12160,2568,-9607,-28187,5819,-9864,2964,-2072,-7050,96,-8465,-21624,2552,-2568,603,-2921,-1444,-9232,5912,12816,-27,85,-14,-16752,1712,-4744,-1205,791,-126,-15400,264,664,-1456,1430,-130,124,127,walking
943,6412,-12788,3744,-13154,-21614,-2414,-5224,6456,-3552,-6955,-7121,-11161,-19576,6848,-2336,390,-2794,-1346,-9400,5920,12560,12,48,-6,-16600,-1720,-5480,-264,717,22,-15944,-192,368,-1428,1454,-132,126,128,walking
944,4596,-10424,8908,-16540,-20272,-14054,-8188,7008,-3544,-8584,-12098,-12468,-16712,10856,-2560,78,-2714,-995,-9504,6112,12376,31,10,23,-16336,312,-5384,258,514,177,-17248,-2608,-872,-499,1668,299,127,132,walking
945,496,-9412,14348,-18068,-20971,-21298,-10188,6132,-4264,-6059,-18125,-15360,-14600,12144,-2552,-766,-2292,-484,-9296,5864,12808,60,17,11,-16400,1312,-5336,340,364,224,-16656,-2568,-1240,340,1723,327,127,131,walking
946,-1456,-4664,17828,-20633,-26437,-26687,-9352,9016,-4012,-3753,-24401,-16228,-13048,9144,-2488,-1358,-1971,-227,-9608,5912,12432,74,50,32,-15920,920,-4712,344,380,232,-15616,-736,-1264,893,1726,29,125,128,walking
947,-2004,-1668,18732,-22938,-28522,-27210,-11396,10876,-3772,-2828,-29581,-16505,-12360,5008,-3208,-1333,-1780,-199,-9568,6144,12456,80,41,-22,-15632,2520,-4896,264,430,213,-15096,2544,-1176,966,1750,-74,125,129,walking
948,-2276,-1396,19160,-22927,-28551,-27030,-12904,11192,-5200,-2358,-32768,-15065,-11824,1992,-3624,-693,-1546,-258,-9416,6472,12232,71,23,-83,-15432,3408,-4600,125,405,141,-15280,5592,-1240,609,1794,-34,127,130,walking
949,-7632,-3288,22432,-19077,-29510,-25707,-12800,10644,-7136,-1610,-32768,-12624,-11224,1328,-3176,45,-1286,-232,-9104,6432,12744,67,-6,-161,-16096,2008,-4488,93,422,88,-16608,6016,-992,-34,1833,-13,123,127,walking
950,-10084,-3588,24716,-17304,-29721,-26616,-14348,11032,-9812,-2886,-32768,-10226,-9528,2008,-2136,194,-1009,-60,-9720,6216,12312,80,6,-216,-16520,1360,-4312,309,480,72,-16544,4352,496,-362,1954,-36,122,126,walking
951,-14024,-4228,24992,-15065,-32010,-25978,-15464,11644,-9980,-7888,-32768,-9231,-7512,2344,-1176,-97,-700,61,-8928,6648,12712,77,30,-269,-16216,3896,-4064,323,545,15,-16024,4104,776,-327,2101,100,122,128,walking
952,-14264,-3644,22672,-11556,-31063,-22771,-16316,10076,-10408,-12647,-32768,-10031,-7664,2656,-1688,-664,-344,154,-9272,5856,12760,108,90,-434,-16568,1800,-3888,159,591,-5,-16536,2536,-256,-273,1966,86,123,127,walking
953,-15868,-5808,21476,-9985,-29886,-19800,-19520,6836,-12712,-14411,-32768,-11605,-9568,3592,-680,-1646,64,335,-9600,6424,12904,198,211,-500,-17568,1752,-3368,336,765,-66,-17896,-152,-136,-511,1524,-45,124,128,walking
954,-21248,-10132,20188,-8442,-29014,-19122,-17880,2624,-14564,-9298,-32768,-9621,-12200,3952,272,-2723,305,391,-9632,6032,13024,242,368,-580,-17624,2072,-3144,349,787,-79,-18088,656,1016,-585,1232,-29,126,131,walking
955,-25264,-10088,14904,-5095,-24216,-18931,-18040,-1240,-16104,-962,-32768,-6590,-15440,232,1912,-2918,717,380,-10080,6504,12880,203,722,-604,-16992,2024,-3992,-31,1163,-240,-18664,2376,1488,-202,1099,60,126,128,walking
956,-32768,-10800,11776,-3926,-18322,-23462,-17696,620,-18204,5896,-30079,-3419,-16264,-5600,7664,-2026,1356,287,-11192,5552,13312,81,1050,-551,-17808,984,-3584,-16,1402,-375,-17304,1768,1912,-60,840,77,118,128,walking
957,-32768,268,12912,31,-4495,-15795,-16548,528,-18684,6275,-21139,-669,-16928,-11160,11640,-878,1364,239,-9800,7024,13824,61,1558,-697,-18032,2152,-3128,-91,1671,-518,-18592,1464,3496,-55,762,52,121,131,walking
958,-32768,15292,7404,5290,-5484,-4354,-11912,2800,-22024,7149,-11085,1858,-17568,-13376,9712,1062,755,355,-10432,7304,13040,-134,2177,-1015,-18736,2248,-3736,-238,1980,-611,-19136,640,3816,88,541,78,112,128,walking
959,-32768,8740,-7564,8524,902,4980,-9512,4552,-26484,168,2262,2207,-24216,-7864,13104,2292,-580,294,-11128,7728,14624,-213,2741,-1155,-20400,2400,-3888,-353,2274,-724,-19376,1648,3208,538,288,-27,122,129,walking
960,-16292,9408,15048,5072,23500,19423,-16820,-1996,-18896,-11232,20299,-96,-16672,-7256,18512,1320,-2273,-551,-12208,7216,15072,-67,3756,-1733,-23864,3112,-4696,-237,2528,-758,-22832,5224,3800,525,20,-231,123,130,walking
961,3464,-32768,17348,-4872,13733,13890,-32768,5168,21560,-8598,13057,1097,-23392,7720,-7592,1080,989,1041,-10264,9480,15440,297,5196,-2671,-28152,3376,-5984,167,2670,-680,-25248,6392,5448,329,-489,-221,113,130,walking
962,6240,-8820,2348,-10376,-1163,3912,-32768,4288,17404,-5893,11269,-156,-18120,20808,-4024,1127,1072,925,-12000,11608,13072,416,6174,-3894,-29448,4352,3280,1329,2454,-171,-23992,1104,14448,-1400,-2342,-151,120,126,walking
963,864,-4144,14604,6915,-3262,1523,-7120,-5188,-10108,5764,9907,2259,-9576,-480,-104,-705,1589,-199,-13848,11544,10344,297,6342,-5161,-24808,5224,2976,2067,3190,-177,-16496,-7560,2952,-535,-1478,-231,121,130,walking
964,-5780,-8928,12108,10765,1621,836,-23216,-2036,-5976,18752,6703,5917,-12640,-1168,-3128,-800,1968,-722,-32768,8240,13360,625,5314,-4173,-18024,5032,-15608,1408,3681,-159,-20712,-5432,2752,642,-2564,-443,112,127,walking
965,-5548,-10928,11880,6250,2584,639,-18964,8116,-6680,13253,4940,1568,-18928,1320,-8920,-392,1660,74,-31216,13736,18904,-689,2869,-2426,-22912,9464,-11424,723,3424,-617,-23944,3728,-6536,2191,-3055,-248,121,128,walking
966,-5604,-10192,11516,-236,2249,-372,-13424,2208,-5312,-6402,7492,-2996,-19832,-2008,-4224,134,1080,880,-11032,32767,18120,-92,2061,-1758,-22816,2528,-10480,-226,2507,-770,-26104,11192,-13240,2531,-2943,515,121,131,walking
967,-5096,-13144,9776,-995,2182,-121,-15832,-4132,-2632,-11577,6316,-2759,-16600,-2368,-5072,711,1105,1233,-8768,24496,21320,-938,59,-63,-17808,1504,-3496,752,1551,-527,-24184,9688,-10008,496,-2951,959,122,130,walking
968,-5272,-11692,10168,-711,1257,-106,-17972,-5436,-3100,-8573,4230,-2582,-14568,-2512,-3192,745,1200,943,7504,18200,16288,-1122,126,318,-13584,3704,-3808,529,756,-446,-23240,9368,-5920,-1223,-3007,926,124,129,walking
969,-5096,-11672,10192,-352,1041,108,-17060,-3544,-2388,-4372,3231,63,-17704,-384,-1920,751,1210,421,-6144,9232,12512,-908,-237,759,-7168,4192,-3344,-307,-4,-189,-21256,5928,-3928,-1803,-3093,724,119,126,walking
970,-4884,-11324,10340,101,787,344,-16472,-2132,-1936,-2072,2434,104,-17128,3752,-1352,211,1312,316,-3288,8816,12584,-1005,-1314,1060,-7400,4080,-3824,-919,-852,-263,-18888,2976,-4080,-1934,-3046,594,121,127,walking
971,-4868,-10944,10476,344,457,442,-15988,-2768,-2224,151,1438,810,-15024,3736,-376,-371,1449,552,-2240,7104,10824,-987,-2122,1394,-8072,2544,-4304,-1539,-1663,-66,-16048,1032,-3968,-1780,-2546,430,121,128,walking
972,-4968,-11240,10360,1184,106,667,-15652,-2076,-2056,1114,1032,1249,-14280,1944,-1656,-710,1679,574,-3352,9320,8608,-983,-2815,1885,-7296,784,-5016,-1642,-2434,4,-16032,640,-4176,-1502,-2508,453,121,132,walking
973,-4928,-11084,10592,2118,-491,890,-15784,-8,-2216,-1995,1536,-128,-15816,1504,-688,-925,1975,231,-3328,7952,6944,-968,-2996,2487,-8296,800,-5752,-1619,-3129,104,-15240,1824,-5112,-1348,-2063,466,120,133,walking
974,-4944,-10144,11272,3308,-1172,1373,-15252,-1156,-1656,-6893,2382,-1379,-16424,904,-24,-1193,1863,210,-7536,9896,7384,-1161,-3121,3042,-8544,2080,-7264,-1698,-3733,213,-13432,2704,-5480,-1341,-1642,520,121,132,walking
975,-5312,-12072,10868,5042,-2397,1815,-14936,-4796,-240,-7064,3112,-925,-15960,-1480,-104,-1396,1536,384,-11032,5648,7920,-1045,-3268,3338,-9232,2688,-8416,-1878,-4234,219,-11248,3608,-5352,-1544,-1375,463,121,133,walking
976,-5820,-12064,10336,6736,-3213,2016,-15484,-4136,472,-3469,3624,415,-16056,-3392,-504,-1215,1282,393,-16072,6208,8080,-771,-3507,2992,-11240,1384,-10608,-1844,-4620,386,-9592,3168,-5360,-1855,-1074,361,121,132,walking
977,-4700,-10964,10756,6305,-2928,1630,-16200,-1612,-344,-1239,4497,1335,-17952,-3560,128,-804,1368,385,-17584,6600,8376,-741,-3543,2952,-14432,1168,-12880,-1464,-4811,607,-9376,2808,-5288,-1912,-992,350,121,130,walking
978,-4848,-9520,11636,4541,-2234,1556,-13888,1592,-2708,-1753,5369,2392,-18248,-536,896,-377,1352,322,-25272,6840,5928,-548,-3520,2937,-16176,1776,-15688,-1283,-4816,801,-8960,-1424,-3160,-1497,-629,136,122,127,walking
979,-4664,-9504,12024,2639,-1372,1375,-16400,132,-948,-1522,6619,2730,-17024,2952,376,-283,1155,402,-26648,6600,5408,-226,-3270,2866,-14584,2248,-16576,-1396,-4747,713,-10208,-3832,-40,-793,-345,64,124,128,walking
980,-5012,-10252,11352,1782,-943,1615,-15724,-1628,776,-972,8022,2609,-17120,3296,-3200,-579,563,451,-31784,4424,3576,-337,-3133,2743,-14480,1056,-19144,-1566,-4453,657,-12184,-3856,4552,-106,-346,150,121,127,walking
981,-4712,-10864,11180,2042,-952,1878,-14916,-2204,472,1148,8973,1792,-17272,1328,824,-408,483,309,-32768,-2672,-1216,-615,-2861,1940,-13824,-272,-19544,-1375,-3931,508,-12928,-112,6760,530,-299,435,122,125,walking
982,-5292,-10184,11260,2241,-615,2000,-15368,-1364,-1084,1606,10614,2162,-15848,280,4504,-114,840,11,-32768,-4616,-3888,-430,-2417,1103,-14848,-2872,-20472,-886,-3303,445,-11216,344,5760,429,277,659,121,130,walking
983,-4560,-9476,12056,1705,182,2481,-16448,-448,-1440,3980,12041,2574,-16040,-56,3744,-952,633,-277,-32768,-3680,-8656,-286,-1786,662,-14832,-2176,-20968,-224,-2446,471,-13424,1376,5960,207,828,781,119,127,walking
984,-4892,-9596,12196,-2,1878,2973,-15880,208,-2020,4936,13813,2672,-16376,2712,2160,-932,507,-116,-32768,-3240,-9824,-304,-1642,622,-11544,384,-20608,-216,-1421,314,-16400,2304,10872,357,507,465,125,125,walking
985,-5060,-9492,12228,-2395,3493,3612,-16176,784,-2252,4018,15944,2586,-16592,496,2272,-675,354,155,-31880,-5688,-13360,-779,302,364,-8880,3544,-19160,-591,-343,13,-16872,1464,18592,-364,-514,-326,122,126,walking
986,-5020,-9784,12852,-6192,5722,5314,-18500,568,-3420,4203,17916,2493,-18528,-1888,1856,-541,180,83,-32768,-6264,-32768,321,2179,50,-14064,6784,-19816,-1196,943,-213,-9856,3336,7384,219,1411,-455,123,117,walking
987,-4692,-10908,13304,-9410,11462,8179,-18904,628,-3572,4381,18306,2584,-20216,-2176,1904,-338,-75,-45,-32768,10344,17632,-477,2812,-2729,-26040,1752,-4416,-2384,2333,126,-25272,5920,13760,-744,-375,-191,122,133,walking
988,-3344,-14580,14404,-11779,19109,13878,-26464,-680,-3012,3253,23454,2142,-24696,-1192,2584,-77,-530,-59,-21952,-13624,11608,1036,-882,-645,-32240,-12072,7008,-187,1719,-770,-28000,5440,-3632,-480,972,234,122,116,walking
989,-8076,-15564,14716,-5716,28539,18848,-28880,-236,-5584,132,26100,1250,-27992,1544,11496,310,-2243,-11,-19208,7776,2912,472,104,583,-5984,2040,-18024,864,1574,143,-16944,-7656,-800,-616,1097,588,123,128,walking
990,-8208,-20496,13916,-4266,32069,32767,-32768,1328,-88,-10265,27847,-3053,-20600,9344,6552,283,-3244,-254,-9424,7448,10224,14,-2,229,-5032,4656,-18288,891,1607,96,-12304,-5024,-5968,273,1150,489,122,133,walking
991,-5020,-19256,15192,2135,32368,32767,-30008,5396,6724,-22100,20561,-12870,-19544,19456,5776,-1235,-2834,373,-11216,5232,11824,35,-90,210,-21992,-96,-5576,-624,802,17,-12576,3488,-4496,1137,1036,108,122,116,walking
992,-13324,-6832,15140,-16612,32767,32767,-18592,8412,-11500,-26499,30433,-4741,-19432,12232,-3200,-3091,-2499,-414,-11464,5568,11200,114,-76,257,-16680,864,-5888,255,681,132,-19352,6904,-848,279,1037,148,122,124,walking
993,-32768,-32768,31868,-18897,30748,32767,-17836,-1908,-16984,-32768,30111,-5249,-22352,2656,-14936,-4860,-1857,-1275,-10984,7488,11152,111,-165,262,-15472,5776,-4176,600,585,226,-19904,6192,376,-362,1329,93,123,124,walking
994,11524,-32768,32767,-5044,10905,29299,-22836,-11908,-5184,-22792,18847,-647,-27264,2032,-14528,-3969,-1634,-2088,-11024,7272,10928,86,-87,158,-16184,6232,-2960,-112,597,70,-16504,5312,2824,-496,986,-88,122,140,walking
995,7636,-15692,10544,3631,-9863,9484,-12216,-300,-1184,449,6190,1550,-25240,-2552,-9600,-962,-2131,-1803,-10904,7504,10920,77,-67,134,-16200,3368,-3832,-5,597,55,-16032,7472,3144,-548,799,-359,123,131,walking
996,9472,-10364,4336,-309,-6767,5443,-8844,3976,-4336,-2447,-1273,1760,-21840,-5480,-4488,760,-2687,-1291,-10936,6824,10664,33,-42,28,-16496,3664,-3872,499,415,1,-14256,5936,4256,-740,928,-89,125,132,walking
997,5956,-13496,7132,-2000,-9306,-4218,-4600,1340,-4216,-4971,-8056,-1675,-18712,-3992,-2384,1317,-2641,-1369,-10392,6848,10744,2,-74,7,-16272,3744,-2656,702,382,-29,-13784,-32,5200,-720,900,21,125,127,walking
998,4712,-7956,6596,521,-13147,-10978,-5012,-592,-3356,-2649,-15248,-2898,-16096,1400,-5624,1524,-2244,-1144,-10440,6856,11120,-16,-74,4,-15968,4432,-2296,528,555,-34,-15344,-2608,5272,-265,747,12,126,134,walking
999,1124,-6648,5396,-520,-15117,-13911,-7372,252,-4092,3030,-21160,-2008,-13952,6240,-5752,1595,-2042,-527,-10600,6752,11104,-26,-49,-12,-15432,5104,-2664,159,728,-151,-15816,-24,4920,438,754,223,126,130,walking
1000,-60,-7776,5280,-1709,-16848,-16057,-6324,2312,-5420,5632,-25822,-2457,-11496,8296,-4448,1273,-1709,-251,-10496,6464,11064,-59,-28,-23,-15448,3736,-2800,-70,798,-184,-15944,936,5352,689,714,297,124,131,walking
1001,-1812,-6012,4896,-3092,-15857,-19483,-6884,2988,-6440,5640,-30048,-4321,-9784,6568,-4008,1034,-1483,-278,-10496,6896,11144,-65,-21,-12,-15752,1968,-2680,168,874,-131,-14808,1680,5632,883,619,142,125,129,walking
1002,-5368,-6516,5784,-1724,-13925,-21546,-6716,3296,-7784,5511,-32559,-5819,-8528,3128,-4744,1042,-1114,-191,-10512,6680,10816,-68,-2,-6,-15392,2728,-2880,521,980,-113,-14016,3008,5848,666,387,-34,126,126,walking
1003,-9108,-1480,3204,1229,-10277,-18702,-7616,3828,-9204,6407,-32768,-6767,-7888,1856,-4648,1359,-742,11,-10688,6744,10912,-68,-1,-16,-14928,3920,-2728,563,1121,-159,-14152,4928,6704,323,223,-3,124,130,walking
1004,-11716,2328,2132,728,-2155,-13208,-8828,5464,-12476,6484,-32768,-6918,-6368,3680,-3656,1424,-440,165,-10368,6944,11104,-90,-17,-44,-14560,4488,-2048,473,1312,-194,-13888,3280,8080,-387,97,98,123,129,walking
1005,-19832,-1024,9084,285,718,-11441,-7940,5192,-15964,1600,-32768,-5824,-4280,5840,-2296,1156,-117,252,-9816,7864,11200,-57,101,-106,-15264,4568,-2112,167,1529,-303,-12888,3040,8336,-152,101,94,124,128,walking
1006,-22480,-1376,10152,3682,-4240,-9727,-7944,1232,-15676,-3569,-31369,-5120,-3728,5072,-616,183,364,309,-10824,5984,11048,-50,198,-167,-13160,3456,-4904,-152,1741,-358,-13376,-48,4264,152,235,121,122,127,walking
1007,-24672,-212,2212,5398,-5311,-9231,-11064,-1080,-13688,-179,-28499,-5377,-5216,3032,888,-858,899,183,-11184,5320,10992,-55,198,-151,-13168,1560,-7032,-263,1937,-411,-12168,-1536,4672,103,98,339,123,135,walking
1008,-24568,876,-1960,6801,-731,-8800,-11736,-1564,-15088,7445,-25839,-3485,-8160,1544,3488,-1338,1440,-105,-9824,6464,12088,-32,234,-132,-15392,960,-4024,123,2089,-376,-12240,1536,6344,244,60,400,122,113,going_down
1009,-25724,3632,-3052,5211,2689,-7888,-11100,-1332,-14700,11779,-22510,-1351,-11000,1144,3520,-1103,1646,-256,-10256,7048,11416,11,367,-221,-14128,2784,-6960,324,2151,-312,-11552,3768,2768,556,-95,299,123,126,going_down
1010,-26360,2500,832,1043,1077,-6317,-11336,-488,-13992,11326,-18275,-720,-13096,1592,2336,-505,1495,3,-11368,6392,10104,7,363,-354,-11088,3800,-9656,211,2341,-366,-11552,3056,3784,126,-158,139,124,107,going_down
1011,-23216,2284,1596,-1023,-821,-4545,-12888,1284,-12004,9977,-14659,-862,-13376,1400,1920,-14,1166,439,-9816,7416,12416,73,414,-460,-15840,3960,-5112,309,2506,-464,-13064,5672,464,419,-177,158,124,117,going_down
1012,-19904,4728,-168,-1687,-122,-2927,-13156,1596,-11804,9392,-14107,-906,-13880,-96,1992,402,822,659,-11792,7104,8400,64,518,-638,-8952,2456,-13448,187,2300,-490,-13616,4520,-4232,682,-102,3,123,127,going_down
1013,-20684,4244,-12,-1656,3293,603,-15148,3452,-10044,-2338,-7470,-2096,-15984,-680,2240,564,694,563,-13952,3232,8600,-38,13,-611,-6008,1592,-15696,170,2305,-392,-12160,3600,344,267,111,-28,124,140,going_down
1014,-23836,3268,2140,-2518,5049,3126,-15788,1060,-10116,-5568,-3795,-3030,-20024,928,2832,295,834,385,-11448,6360,13128,55,117,-647,-19064,224,-11616,375,2322,-419,-14520,6392,6712,31,72,22,124,147,going_down
1015,-24884,588,4116,-4524,274,2429,-14896,-352,-11480,-5594,788,-2536,-19696,3128,4896,-8,963,383,-10768,7984,15512,309,914,-975,-21112,984,-11472,645,2478,-484,-17184,7744,10600,-577,-95,-5,122,150,going_down
1016,-19324,6164,-2352,-7255,-2,5108,-14964,1880,-6404,-6223,4270,-1580,-17800,3064,5360,-97,1181,397,-11736,7528,14696,464,1854,-1450,-18328,1088,-12456,738,2780,-371,-18896,-552,6624,-734,-414,-126,126,153,going_down
1017,-18396,4964,-140,-8317,7330,11195,-14236,3016,-7776,-6873,7163,-3012,-17040,3104,4696,-403,1227,230,-12824,7176,11280,466,2340,-1905,-13392,224,-14048,987,2918,-190,-17000,-7400,3648,20,-432,-223,122,122,going_down
1018,-32768,-32768,32767,-3913,-32768,-32768,-26484,-1616,-12940,-20198,11746,163,-16536,6400,4744,-756,1218,166,-12400,6968,12184,699,2719,-2217,-15680,-704,-11888,1248,2903,72,-13936,-5208,4944,1296,-390,-427,114,124,going_down
1019,-32768,-30348,17680,7646,-30897,-29234,-25864,-6764,8660,-10906,17889,-2680,-31224,6064,11320,-1115,135,262,-13472,6992,13048,696,3251,-2736,-17680,712,-15608,1191,2791,171,-16816,1336,6096,1951,-516,-713,120,127,going_down
1020,-568,-17348,20700,7143,-23244,-14459,-28976,860,19200,12341,10694,67,-21208,6456,3016,38,-605,-85,-12536,6368,15320,606,4035,-3428,-23288,1696,-15672,910,2628,111,-24184,11576,8944,1688,-781,-881,111,133,going_down
1021,-7080,-15932,12664,5411,-20118,-12588,-18748,-4,1436,14025,11160,-869,-21296,6760,4720,-293,709,27,-11880,9024,16120,71,4961,-4266,-25096,3928,-13944,767,2189,-214,-31992,18536,8576,659,-1079,-659,127,127,going_down
1022,-8192,-8680,11864,9492,-18082,-13577,-16116,-5900,-4844,2464,14376,-1627,-19416,-8656,608,-1594,847,-984,-11200,14360,9944,-873,5974,-5069,-17776,3168,-11936,595,1305,-441,-32768,18768,7632,389,-1188,-558,119,122,going_down
1023,-25124,-15200,7608,8176,-12473,-14092,-21668,-9840,1480,5757,14044,6147,-21800,-9648,6976,-1835,801,-1129,-12440,3704,1792,-2060,6469,-5437,-12248,3368,-14872,536,584,-547,-25992,9952,2744,-943,-1812,80,119,123,going_down
1024,3312,-15528,15124,1134,393,2988,-32768,15928,-2812,14194,5587,-5143,-28384,-13264,-4104,871,-76,-277,-16832,-5912,11800,-734,5505,-3182,-11784,3616,-14104,606,501,-551,-27968,10344,80,-1330,-1736,700,117,123,going_down
1025,-2020,-12416,12176,-2426,996,162,-9472,832,-5768,-10454,23039,2407,-12872,-1080,-9968,1754,-1049,808,32767,32767,32767,-1596,378,1694,-2912,-3320,-4216,-245,91,-1936,-23008,4344,-3376,-2139,-1605,893,123,124,going_down
1026,-5664,-10848,11176,-960,722,296,-13832,-15276,-8256,3353,11316,2416,-10432,5584,-6256,1193,-103,280,-23448,12104,9976,-2366,-2619,2671,-4192,3232,5968,58,-1861,-922,-18920,-568,688,-2466,-1681,491,121,127,going_down
1027,-5592,-9392,11756,-172,913,422,-14904,-2200,-8580,14282,2935,1739,-16480,7352,-6040,-3,572,-88,9608,-4152,17600,-1817,-2669,-151,-6096,4664,-1640,-741,-3087,-155,-17784,-3480,-264,-2081,-1434,358,120,131,going_down
1028,-5268,-9016,11960,-169,516,-70,-14948,5296,-7712,4922,4889,4100,-19728,2352,-1736,208,908,144,-9296,13008,8040,440,-3487,989,-6136,-2160,-2824,-1150,-4031,326,-14744,-7040,-2328,-1673,-1170,225,120,131,going_down
1029,-5296,-9280,11756,-34,567,-87,-18012,936,-6644,-2627,5934,720,-15168,152,-1296,-4,780,225,-5632,9440,5992,495,-3911,1114,-11536,-4376,-5488,262,-4272,911,-11496,-6696,-3456,-1115,-777,-88,115,130,going_down
1030,-5056,-8888,11948,54,393,-300,-14400,1372,-6124,-4952,6003,-623,-14736,672,-728,159,715,222,-6352,11688,3224,649,-3473,2288,-7864,-144,-5104,158,-4300,994,-9072,-5240,-3280,-655,-494,-339,120,131,going_down
1031,-5148,-9380,11916,207,297,-335,-14988,-1548,-4684,-4994,6072,-558,-17064,-464,2592,327,644,102,-4704,10096,1928,-91,-2506,2741,-9688,3184,-6704,-464,-4719,1525,-7928,-3584,-3456,-403,-358,-388,123,129,going_down
1032,-5272,-9456,11816,93,471,-39,-15000,-1476,-3416,-1979,5970,11,-16472,-256,3696,718,233,153,-8312,2776,3960,-655,-1010,2040,-12048,3528,-11144,-1822,-5220,1822,-7880,-1584,-4304,-256,-277,-373,125,129,going_down
1033,-5356,-9524,11876,-184,583,219,-14452,-972,-2660,-778,7464,1147,-14064,-1496,5248,667,-81,306,-20912,-400,3232,-599,128,1530,-11632,1128,-16104,-2964,-5288,1587,-7912,-1744,-4040,-20,84,-338,122,127,going_down
1034,-5024,-10092,11676,-335,602,461,-14544,-1548,-2660,313,8781,1436,-13176,-1928,4008,412,-46,163,-30240,-624,-40,-615,614,994,-10576,-1128,-18368,-2902,-5092,1064,-7760,-3088,-1600,744,432,-319,119,127,going_down
1035,-5580,-9700,11612,1,485,407,-13780,-2360,-5508,1841,10051,2115,-13168,224,5176,207,1,-66,-25104,-8312,-5272,252,23,1005,-10344,-2160,-19704,-1702,-4863,780,-7048,336,-104,2384,668,-228,118,128,going_down
1036,-5348,-9812,11864,202,459,703,-14204,-56,-5032,2383,11609,2496,-14024,2456,5264,219,164,-193,-27624,-5368,-12128,550,-106,1069,-11576,-1656,-20624,-668,-4638,576,-6584,4312,864,3002,1234,182,127,128,going_down
1037,-5232,-9924,12004,-31,798,1466,-13828,1540,-4220,1437,13196,1666,-12600,3048,4056,-132,164,-182,-29360,-7448,-14680,569,185,1133,-14576,-4088,-20784,632,-4228,654,-7768,6384,2328,1768,1468,580,123,125,going_down
1038,-5476,-9460,11976,-107,793,1981,-12980,1312,-7156,-874,14201,638,-11480,3752,2576,-587,163,-79,-27176,-11776,-16888,849,-7,1128,-12144,-96,-18464,1664,-3291,859,-10656,6912,3864,503,1410,606,120,125,going_down
1039,-6744,-8172,11376,-874,604,2879,-12640,-1164,-10952,-1827,15021,406,-12552,992,4176,-1061,392,176,-26488,-12728,-17208,962,74,1073,-11400,784,-17792,1641,-3096,897,-14616,6024,4536,110,1306,143,137,127,going_down
1040,-6028,-11396,10804,-2982,1655,5379,-15600,-1640,-4748,-3548,17109,817,-13984,-3184,1568,-1200,411,222,-27016,-11200,-16544,1392,226,752,-13352,1792,-15240,438,-1466,652,-16768,2032,5272,68,1491,-416,130,132,going_down
1041,-4700,-11864,11728,-2514,3287,7396,-14456,-820,-8556,-2522,17774,-137,-12776,-1696,776,-770,21,43,-19568,-5480,-15856,793,-322,460,-15816,568,-11560,581,-792,450,-17024,608,7360,101,1439,-429,119,128,going_down
1042,-7052,-8556,11912,-4975,4354,8543,-12016,500,-13128,-3244,18916,957,-12792,-1984,944,-686,36,38,-15800,-4408,-15400,340,299,480,-15296,2504,-8848,513,-244,212,-17248,2912,8096,33,1343,-148,118,130,going_down
1043,-6192,-8928,12236,-6891,6688,9560,-15088,504,-11364,-1477,19345,1519,-16528,-2864,3192,-99,139,106,-17112,-3224,-12744,-304,1015,159,-13568,4352,-7696,-264,421,-2,-17088,3736,7144,-91,1481,164,115,131,going_down
1044,-5504,-11900,12556,-9632,10251,12189,-18040,1844,-10016,-2055,21157,1204,-17208,-2392,3088,140,-272,385,-20320,-9024,-23384,333,1654,-711,-14528,2440,-7296,-1012,835,-135,-16568,3592,5960,-253,1515,465,116,140,going_down
1045,-7548,-12532,12228,-7668,14093,14999,-14912,828,-13536,-2466,23038,155,-15800,1744,3984,379,-451,429,-32768,4056,-14616,-353,-4044,3134,-12088,6600,-11216,-649,1903,-526,-19608,712,7416,-752,1208,509,122,143,going_down
1046,-8820,-14636,14076,-3402,20218,19562,-19704,1032,-13644,-3726,24634,-751,-16208,3800,9280,209,-435,639,-32768,8544,-3848,-1116,-5689,4096,-25656,10760,-928,-233,2925,310,-23088,856,11624,-877,972,463,122,122,going_down
1047,-7976,-17484,16300,97,25895,29143,-32556,4280,-12900,-4653,27416,-3423,-25120,864,13896,-17,-1122,640,1680,616,23064,-1693,-4513,2872,-31616,-920,6704,-2789,2772,-444,-20744,-7832,440,-158,2016,217,123,131,going_down
1048,-4760,-15280,19096,10069,32767,32767,-32768,6128,-12464,-8541,30818,-4514,-26816,1416,10712,-324,-2135,233,-10288,25728,11560,-679,-3687,791,-24112,10400,7904,558,1521,408,-32768,-10888,12568,1174,-370,-419,121,118,going_down
1049,-2856,-16836,16476,13192,32767,32767,-29288,5888,-1396,-18313,26514,-4019,-28632,3040,4472,-328,-2896,-318,-11544,8296,12752,-645,-2242,117,-23144,10160,-912,537,1635,664,-18120,10016,7624,2812,-412,382,121,121,going_down
1050,-7868,-9108,13296,15137,32767,32767,-20748,-4220,4344,-19475,2685,-5336,-29128,3688,-3960,-731,-2747,-544,-10752,7208,12680,-579,-1555,87,-21504,880,-5328,495,2068,-88,-15232,9008,-2536,2287,66,1021,126,138,going_down
1051,-30284,-21624,22680,4776,32767,32767,-2716,-1716,-30616,-2276,15136,-743,-25176,2232,-4704,-995,-2379,-716,-8968,4472,16944,-281,-643,-98,-19760,1832,-5336,719,1638,371,-18512,6696,-3216,756,-650,-145,119,118,going_down
1052,21904,-17840,19668,-1257,21659,3404,-300,-2876,3516,-5007,8358,11267,-23568,-784,992,-669,-2257,-896,-11312,5368,11432,-148,-353,77,-18432,5208,-11184,463,1266,-397,-18256,5152,-4624,457,-270,-649,119,117,going_down
1053,-28380,-14416,27668,4511,-9408,-2578,-10868,-1740,4820,8305,-11493,5230,-25800,-1040,-1496,257,-2057,-939,-11872,5632,11688,-10,-346,99,-18272,5232,-8656,605,1295,-103,-19976,10560,-1632,-262,-151,-386,120,138,going_down
1054,21316,-1456,4572,6759,-10847,-9014,-10908,-84,3236,10651,-13199,5257,-25672,-96,-1720,337,-1998,-898,-10448,7752,11240,64,-6,-49,-18128,5952,-7736,337,893,-97,-21016,11008,1184,-1174,467,197,119,128,going_down
1055,9964,-9176,3612,743,-16096,-17489,2464,3320,-3836,-735,-28732,-1249,-17368,4344,-3400,405,-1310,-546,-11200,6496,10496,14,117,-153,-14360,4776,-7384,370,915,-416,-16336,4856,1312,-1233,955,691,119,127,going_down
1056,3884,-6812,2488,2943,-14176,-19820,-9660,-2072,-1428,-670,-32768,-3704,-12344,4216,-3840,304,-1070,-151,-11496,6416,10464,5,156,-130,-14456,4496,-6816,226,1104,-473,-13536,576,3072,-1076,549,773,119,125,going_down
1057,-1204,-4892,4860,2031,-11062,-15848,-9136,1120,-6268,5300,-32768,-3734,-7872,2528,-4008,410,-918,11,-11008,6408,11208,15,272,-203,-14984,3712,-5696,21,1047,-341,-13960,1776,2296,-442,337,416,119,128,going_down
1058,-7756,-7820,7440,3095,-9917,-12881,-7208,1764,-9072,4053,-32768,-3060,-5640,1760,-3904,786,-712,0,-12296,4888,9712,-32,261,-210,-12072,2368,-9216,-116,1073,-386,-13896,1936,920,53,233,-8,118,119,going_down
1059,-12880,-9448,7248,538,-8692,-16825,-8820,1660,-11076,2918,-32768,-3893,-4896,1904,-4352,1099,-382,-120,-11808,5112,10320,-37,119,-135,-13064,1856,-6872,135,1143,-373,-14656,2872,2712,-366,195,-119,119,125,going_down
1060,-18888,-12656,9440,3006,-5638,-24509,-10124,472,-14008,3450,-32768,-3727,-5400,3880,-3888,1016,-65,-160,-11136,6536,10760,-28,153,-159,-14448,3096,-7104,207,1230,-368,-15688,3992,4320,-479,191,-61,119,128,going_down
1061,-21924,-5272,9280,5550,-10025,-26975,-9608,-656,-16648,3338,-32768,-3924,-5912,5320,-2168,559,248,-46,-11464,6464,11008,-6,240,-256,-14088,3184,-6576,384,1258,-327,-14520,3496,6152,-871,109,124,122,148,going_down
1062,-27880,3972,6064,-1363,-15095,-18536,-13272,-2912,-16852,4361,-32768,-3463,-6144,4896,80,405,699,120,-11000,6728,11096,39,382,-349,-14392,2984,-7192,324,1558,-308,-14352,1376,4808,-726,194,177,122,143,going_down
1063,-28536,2420,-1008,-4725,-14241,-8730,-9148,-732,-19472,7873,-32768,-2407,-6760,4232,-136,-426,1275,177,-11736,5768,10400,66,463,-430,-11928,2224,-8904,187,1694,-381,-13272,-2112,4008,-235,55,193,122,121,going_down
1064,-29176,332,-4948,-3532,-5370,-7331,-9564,1876,-19164,6364,-32768,-735,-8672,2960,576,-607,1902,284,-12328,5288,10256,153,422,-488,-12872,2184,-9576,418,1795,-290,-12440,-3624,6168,430,57,241,121,136,going_down
1065,-31868,680,-1528,-2019,-423,-10832,-15548,2388,-20904,214,-28199,-3364,-10672,1616,3384,-448,2179,264,-10656,7288,11440,227,579,-675,-15304,1416,-8848,658,1924,-174,-12440,-2544,4800,1133,-139,21,121,143,going_down
1066,-32768,8796,476,-952,341,-6751,-14712,496,-18332,-5337,-23040,-4121,-13040,128,4696,-194,2265,151,-13008,5856,10416,398,819,-917,-13016,1760,-9816,931,2079,-51,-12936,-544,3936,1399,-207,-126,122,133,going_down
1067,-32768,11288,-2300,-5928,-2054,-609,-14912,-248,-17016,-3702,-17061,-2741,-15744,584,5232,-160,2155,258,-12480,5712,10240,447,1021,-1157,-12480,1288,-10792,973,2298,11,-12848,2344,2200,1693,-273,-208,123,133,going_down
1068,-29656,6948,-5204,-6186,-874,359,-13924,604,-14852,-1514,-9906,-3076,-17440,2512,6696,157,1596,403,-15352,1248,8536,453,1154,-1056,-9200,168,-11344,925,2333,-66,-12896,5584,-2568,1706,-211,-296,120,125,going_down
1069,-25296,7860,-7504,-3029,5159,1200,-14668,1640,-12128,-977,-3002,-3020,-19032,2624,6408,582,1288,490,-14776,2280,7352,258,973,-1042,-6088,688,-15440,789,2192,-187,-11936,7576,-528,1358,-15,-260,121,135,going_down
1070,-24960,8224,-3504,-2191,10841,4690,-14520,384,-10996,373,2346,-2425,-18648,1112,6880,449,1301,363,-12696,5200,10672,321,1035,-1016,-12232,1152,-13192,643,2189,-328,-13496,10832,3896,736,42,-329,121,122,going_down
1071,-25744,14764,24744,-18921,7699,7588,-14436,2604,-11848,3447,6541,-996,-17272,1376,5312,-314,1374,296,-15248,5784,11392,374,1470,-1329,-15592,1320,-15608,493,2356,-437,-15880,8560,7976,-333,-22,-364,127,125,going_down
1072,-32768,-32768,32767,-13865,-32768,-32768,-27388,-264,-3492,-15015,12894,1731,-20280,4408,3896,-814,1343,451,-16168,7592,14928,650,2513,-2171,-24896,960,-17064,603,2751,-371,-19600,4408,14536,-1151,-194,-316,110,132,going_down
1073,-21708,-16196,16612,-6481,-32768,-32768,-29984,3052,10656,-11253,17730,-1571,-32768,2576,20896,-958,-287,535,-13720,8488,18744,1029,4337,-3366,-32624,-992,-17552,1170,2966,-83,-23576,-304,17776,-1132,-931,-406,116,123,going_down
1074,2780,-16652,19536,7425,-19407,-18264,-26228,4940,17276,8975,9751,-273,-17416,11080,-4824,1238,1189,136,-8232,13392,19336,803,6549,-4950,-32768,336,-9896,1970,2665,-59,-27104,-2304,14176,-199,-1940,-694,133,125,going_down
1075,-11680,-24068,10864,4547,-19371,-16500,-20608,-12740,2064,5501,10751,-4685,-23344,11464,7880,-911,1072,542,280,8096,11512,-371,7745,-7070,-24896,3864,-4976,1624,1828,-162,-29912,176,7272,648,-2278,-866,109,126,going_down
1076,-9132,-9072,11376,10505,-18903,-14624,-19744,-10696,-8804,18834,8625,1391,-22688,-7304,-1104,-1590,571,-693,-32768,1464,5576,-304,7571,-5991,-1024,6904,-20856,1050,1001,906,-29864,4592,-3984,1151,-2112,-671,119,125,going_down
1077,-6140,-21996,11908,14596,-10752,-16536,-26620,-9916,936,17095,9297,7873,-25632,-13488,-384,-956,1123,-1085,-32768,12800,11984,-1389,2875,-718,8352,752,-26264,505,1744,-927,-24584,5592,-1816,1248,-1889,-328,119,124,going_down
1078,-4052,-6056,13996,2662,-1849,-1409,-32768,18772,-2484,1312,5091,-7018,-32768,-12032,408,606,-297,-15,32767,5728,30080,-1228,-2281,3589,-11856,11536,12248,1042,-546,-864,-28488,11272,3096,684,-1775,226,119,125,going_down
1079,-6344,-6192,12796,-2625,1951,393,-16288,6456,-9160,-20220,17878,-205,-12864,272,-4688,2517,-296,450,-32768,28400,-1824,-1068,534,1981,-6016,-184,1760,-1589,-2001,407,-26568,11208,-3272,-598,-1585,812,122,124,going_down
1080,-5292,-10720,11400,-3384,2365,525,-14932,-15004,-6268,-9948,10276,-684,-11720,5936,-4984,1471,-105,211,12056,15536,16672,-579,-1840,2877,-1640,6168,1000,-1138,-3299,-185,-19328,1184,-1800,-1304,-1277,878,120,126,going_down
1081,-6688,-10356,10992,-2163,2624,1882,-14996,-7968,-6372,8408,4217,1444,-15112,7016,-2312,-97,697,155,552,3896,12544,-721,-2176,703,-7680,3864,-1296,-1987,-4605,811,-14184,-1216,-3800,-1263,-886,525,121,129,going_down
1082,-6132,-9900,11144,-1200,1705,1343,-13316,1136,-5492,8143,4073,5317,-14456,3456,-1080,-448,913,268,-6840,8696,12648,-428,-2518,181,-9336,-832,-6008,-2169,-5218,1009,-8104,-1136,-5200,-1351,-534,185,118,131,going_down
1083,-6080,-9136,11476,-962,820,1383,-13400,2144,-5108,7082,4344,5223,-12736,2768,-1248,-1153,897,11,-11520,9528,7096,-903,-2469,568,-10160,-1624,-7608,-1348,-5378,795,-4984,-600,-7264,-1499,-287,-324,121,128,going_down
1084,-5784,-8444,11928,-165,-77,495,-13808,2604,-5960,-2270,6925,490,-14808,504,-1328,-1015,803,76,-16304,3712,2104,-733,-1804,953,-12592,-1848,-11512,-1055,-5462,1054,-6080,1792,-7304,-1745,4,-253,121,132,going_down
1085,-5660,-8896,11696,680,-959,-750,-12000,248,-4600,-4622,8208,-247,-15640,-2552,1520,-430,691,-108,-17736,5856,3800,-1013,-473,1962,-12472,1304,-15264,-938,-5611,1341,-6400,360,-6464,-1586,276,45,120,130,going_down
1086,-5700,-9348,11788,661,-1301,-416,-15076,-1440,-2368,-2671,8557,-61,-15504,-2536,4696,582,-32,-37,-28472,-5496,2968,-770,-708,1983,-9472,4976,-18624,-1900,-5698,1005,-5840,-3360,-4480,-934,506,19,121,128,going_down
1087,-5016,-9436,12028,493,-844,-142,-14808,-220,-1568,-208,10596,1852,-14672,-3744,2560,825,-488,160,-29752,-8024,-6112,376,-1590,1514,-12248,1832,-18288,-2302,-5722,651,-6464,-3848,-2480,-223,706,-250,124,127,going_down
1088,-5684,-8828,11832,488,-382,-21,-14000,-2192,-6068,3949,11245,3008,-13000,-1496,5384,563,-604,148,-32768,-4344,-15240,485,-1555,1334,-11824,-872,-23784,-2288,-4879,729,-8728,-2520,1440,984,882,-599,123,127,going_down
1089,-5872,-8792,11688,-69,-574,63,-13520,-740,-5972,5510,12943,3896,-12456,1656,6736,603,-121,-105,-30312,-8928,-21496,-49,-940,1791,-14800,-2064,-22424,-1370,-4265,232,-9936,2864,7376,1186,859,230,130,127,going_down
1090,-5072,-10496,11608,-519,42,918,-15384,692,-3932,4756,14847,3488,-13120,3064,2104,115,235,-482,-26976,-14400,-24384,120,-317,1643,-18696,-2320,-21552,182,-3510,127,-12056,4696,9672,581,1422,1189,127,128,going_down
1091,-6492,-8844,11320,210,126,1468,-11536,504,-10152,2775,15626,2480,-11960,4760,1224,-518,234,-447,-28664,-13352,-23952,359,64,681,-13696,2440,-19920,1036,-2621,267,-18016,4344,9416,-10,2105,1574,115,131,going_down
1092,-6740,-9028,11204,-663,-586,2217,-11944,-368,-10600,-504,15964,2292,-11560,2008,1680,-678,431,-154,-24704,-8192,-24648,347,-255,165,-10888,3424,-16880,746,-1451,407,-19136,-1048,8904,363,2268,927,110,135,going_down
1093,-6160,-12864,11100,-2355,428,4632,-16184,-1212,-7964,-2728,16746,1100,-15528,-2456,712,-1259,408,303,-18472,-7792,-22312,298,119,156,-14216,2216,-12832,284,-237,376,-16776,-4288,7960,512,1612,-129,116,125,going_down
1094,-6144,-11780,10744,-2649,2247,7138,-14176,-812,-10512,-4671,17812,113,-13704,-1304,616,-765,144,332,-19936,-10040,-15704,539,791,-233,-14752,1672,-11488,118,819,294,-16816,-2592,8320,375,607,-565,133,136,going_down
1095,-5932,-10296,12636,-5840,4433,9312,-14348,132,-11784,-5692,18667,85,-16160,-3752,1472,-271,271,234,-19440,-8152,-9528,816,773,-551,-15744,-200,-8400,338,1233,250,-17168,536,7384,246,440,-486,132,147,going_down
1096,-5416,-10828,12768,-7950,9392,11155,-18280,1432,-11976,-2946,19615,981,-18176,-3040,4808,13,224,151,-8008,27496,-920,1068,747,-808,-16920,-2072,-5368,959,1401,156,-17128,1952,9472,224,194,-101,122,141,going_down
1097,-7420,-13008,14372,-12218,14421,15409,-21980,3316,-10844,-2560,22430,889,-18328,-264,8984,466,-366,191,-32768,12912,32767,424,-1840,23,-16592,-64,-9992,1031,1441,81,-10072,1768,-5008,1351,1900,251,122,129,going_down
1098,-7712,-16412,15996,-6880,23173,21615,-22720,3768,-11012,-2383,23313,614,-19704,3248,14296,816,-1166,381,25608,12720,14416,-1573,-7460,4259,-18712,9776,-7144,901,1998,-248,-20112,-1592,5968,809,907,349,126,134,going_down
1099,-5792,-17868,18016,1051,32767,32767,-32768,6864,-10572,-5883,31705,-5602,-23208,4808,11512,519,-2231,574,4176,-12032,15264,-1367,-5589,2345,-16744,4776,56,-1735,2350,-213,-20744,3576,5304,-142,297,392,121,138,going_down
1100,-2204,-14020,16104,12165,32767,32767,-32544,6844,-8768,-12984,32767,-5931,-25960,6648,9776,21,-2979,326,-1528,23728,14552,-1003,-4377,2181,-32768,6088,4032,-1613,2291,-670,-26240,-1232,4912,428,596,-178,122,121,going_down
1101,744,-15988,13992,10780,32767,32767,-26492,4980,3696,-22151,23645,-5287,-26688,3760,944,-672,-3241,-193,-12664,6872,9440,-872,-2737,739,-21920,11664,-6232,-1023,1631,346,-21200,8944,3904,1191,-219,-31,126,133,going_down
1102,-28580,-24956,17032,1140,32767,32767,1184,-7196,-32768,-9485,30153,-9942,-26696,1512,-7792,-1339,-2736,-409,-14392,4040,6760,-601,-2387,339,-14656,3984,-10720,-112,1743,-172,-11904,11928,-5080,714,356,354,125,137,going_down
1103,3120,-2172,24312,-10241,31265,24841,7192,188,-18648,-8021,18924,3962,-25056,568,-2424,-1169,-2181,-783,-13528,8368,6096,-543,-2487,357,-13344,3592,-8632,1236,1125,157,-14880,9984,-5648,96,507,27,125,121,going_down
1104,32767,3176,676,-4474,-4193,16061,-15568,-15388,14848,-288,-2676,7413,-25200,-1656,-632,-753,-2508,-1114,-12256,5088,14560,-485,-1809,-243,-22296,9856,-3520,1655,588,245,-25104,9536,2360,-868,216,5,123,122,going_down
1105,21232,-18352,-3440,-1903,-21025,4889,-5764,6352,1544,13577,-15336,4635,-24480,384,-2928,-445,-2050,-759,-10280,3328,16656,-249,-802,-240,-28800,528,-8112,230,747,-134,-26472,5328,6888,-2132,89,-17,122,127,going_down
1106,15948,-18260,-4912,662,-14362,-12564,4968,5024,-2824,-5674,-24502,-112,-22312,24,-3896,-468,-1503,-839,-10088,5088,14232,-22,-54,44,-22456,656,-5624,319,1090,-679,-21312,-2280,7144,-2467,285,164,121,139,going_down
1107,6940,-16212,936,6868,-14300,-24017,-6552,-6100,-660,-7130,-32175,-4662,-17008,-728,-5264,83,-981,-696,-10720,8136,11072,103,355,53,-14136,7552,-5352,69,1622,-371,-16968,-3488,4024,-768,488,441,120,128,going_down
1108,1964,-4608,-628,8392,-12899,-22423,-9508,-4672,-2884,9030,-32768,-3728,-12288,480,-5488,508,-820,-449,-11328,8072,9952,86,458,-189,-10712,8080,-7152,-762,1601,-450,-12336,-2000,1888,1024,277,531,121,136,going_down
1109,-2740,-6892,2800,6802,-10565,-15270,-6448,156,-8164,11761,-32768,-1734,-7784,2824,-6584,1289,-472,-68,-11488,7136,9576,77,444,-339,-13832,1000,-8136,-293,1272,-318,-11320,2888,1088,1682,78,276,121,133,going_down
1110,-10224,-10428,5028,6972,-9534,-12234,-8208,1116,-9992,8547,-32768,-4459,-4968,3664,-6520,1907,-214,72,-11544,6408,9888,108,396,-392,-14928,160,-8184,748,1167,-318,-13488,7424,-32,1214,-176,-35,121,125,going_down
1111,-14404,-10216,4248,4710,-4771,-14669,-10488,436,-14064,7162,-32768,-5975,-4896,3712,-6968,1986,-167,79,-12048,6104,9656,114,338,-427,-12784,2200,-8264,1171,1165,-103,-15408,7936,-408,2,9,-194,123,139,going_down
1112,-21676,-9096,5356,2443,-403,-18541,-9736,1004,-16992,6545,-32768,-6240,-3320,6816,-4624,1627,377,294,-11616,5640,10200,77,279,-386,-11912,4320,-7144,807,1383,-142,-16544,4504,3024,-712,110,43,125,127,going_down
1113,-32308,-3144,9640,-579,-2791,-19656,-13924,-744,-20432,4929,-32768,-7782,-3088,7944,-1736,1593,488,613,-12432,5384,9680,57,289,-383,-12056,4600,-8272,100,1610,-325,-14584,1488,3560,-720,127,226,124,125,going_down
1114,-32768,2956,6536,-5562,-8440,-16660,-10972,-1416,-21356,889,-32768,-4803,-4768,6272,896,175,847,613,-11736,5752,10632,106,372,-457,-13888,2448,-7872,-81,1747,-394,-11624,1328,6568,-674,50,219,122,122,going_down
1115,-32752,3788,636,-7748,-8052,-11155,-14584,-476,-18848,986,-32768,-3921,-8192,4248,2664,-635,1577,324,-11752,6200,11792,157,332,-553,-12816,1592,-9320,162,1955,-420,-11264,-344,4304,-38,97,148,121,128,going_down
1116,-32768,2612,-2840,-3953,-1453,-11862,-16432,2236,-19796,1549,-31244,-5657,-12840,3848,4720,-1050,2304,-149,-12352,6968,9944,259,522,-702,-12704,2016,-9928,613,1969,-274,-12336,-3536,5712,278,-14,198,124,122,going_down
1117,-32768,10132,-3088,-2914,2621,-11759,-16264,224,-18860,-2608,-24314,-3858,-17504,2632,4952,-1311,2789,-500,-13288,6728,10440,429,730,-1017,-15216,2016,-9672,974,2226,-47,-13368,-2920,7736,1114,-224,100,123,119,going_down
1118,-32768,11104,-4900,-3282,3036,-3875,-15236,-1884,-17116,-1998,-17289,-4928,-19592,784,4704,-766,2947,-267,-11512,6760,11448,520,1201,-1381,-15336,464,-9088,1234,2413,-53,-13568,-648,2240,1793,-351,-183,124,119,going_down
1119,-32768,12180,-6164,-4346,3279,-24,-13552,-228,-16172,2993,-10535,-3105,-17160,-232,6304,-107,2346,167,-13920,3728,8328,522,1401,-1365,-6952,-248,-13848,1126,2435,41,-12760,1256,-3776,1912,-248,-338,129,128,going_down
1120,-27420,14120,-6140,-3809,5298,2740,-14232,3872,-13784,1785,-2204,-2051,-18016,-2872,7616,53,1250,377,-14904,592,8656,531,1247,-1395,-7784,-544,-15472,771,2525,-24,-10840,4192,3088,1757,-100,-377,125,143,going_down
1121,-26832,13908,-5968,-3198,5954,3205,-14016,4776,-10776,-396,4336,-2621,-18928,-2072,6256,496,1011,337,-14272,5016,13416,649,1711,-1547,-20824,-168,-14240,703,2532,-130,-11600,5296,3912,1633,-106,-413,128,130,going_down
1122,-23068,14020,-6452,-431,11656,7158,-14916,5844,-20648,-2995,10766,-617,-19064,2632,4480,-91,1406,291,-14040,6416,14480,690,2992,-2115,-21488,-336,-14472,730,2755,-316,-18776,9104,11624,-204,-393,-623,122,131,going_down
1123,32767,-7088,-32768,20619,-27672,-14468,-17536,-264,-2896,-11847,20357,2679,-26608,5544,8512,-1078,649,639,-13120,8368,15384,903,4384,-2971,-25744,1192,-14880,721,3146,-85,-20720,296,12864,-866,-770,-530,111,126,going_down
1124,-5348,-5124,23492,-3986,-32768,-27908,-32768,-2484,19252,-744,15059,-1646,-20328,3160,3992,404,-333,271,-9344,9200,15368,816,6094,-4519,-29768,1800,-12768,1250,2965,77,-26136,-384,12648,-128,-1324,-618,120,127,going_down
1125,-5316,-7568,18400,-2948,-22299,-11998,-23488,1520,14532,10728,10597,1830,-26072,14632,5312,362,766,872,-2904,7760,10464,232,7766,-6612,-27464,2944,-7160,1470,2184,145,-28968,4584,8240,576,-1939,-763,129,131,going_down
1126,-7152,-14020,12868,7829,-18876,-14736,-23900,-9972,-1048,2904,15092,-5775,-26840,-848,10256,-1321,-629,-332,-32768,-1560,4080,348,8015,-5748,-4240,6736,-16088,999,1198,653,-31152,8176,-4704,939,-1911,-621,123,119,going_down
1127,-8376,-11296,11308,4729,-13359,-11675,-21860,-7676,-3888,11090,13761,6922,-17968,-10608,-4344,-1188,975,-1616,-32768,6832,-14344,-616,5192,-1895,8824,-296,-32576,141,2026,-1171,-24656,9784,-6680,604,-1634,-94,125,128,going_down
1128,-8944,-16528,9360,6943,-10077,-7338,-18996,-4536,-1092,9239,11619,4832,-16104,-6984,-8744,-1494,493,-1071,-32600,23192,1128,-1996,1453,1298,8320,4648,-19320,-344,1550,-1585,-21360,7744,1120,-321,-1571,317,119,127,going_down
1129,-7376,-8408,13244,3844,-5004,-382,-24116,5696,-6924,-4036,7177,-4862,-25360,-2888,-920,483,-741,717,29496,32616,27408,-1544,-2115,4417,-14624,6168,9576,-985,-123,-1060,-27672,7840,3896,-1146,-1719,571,128,128,going_down
1130,-2432,-7176,13660,-726,540,438,-25164,6900,-10288,-7800,11119,453,-21224,944,-5304,1358,-595,936,-592,304,13696,-1740,266,-761,-10464,-3320,3680,-1443,-1585,13,-28336,3224,-1952,-1578,-1406,849,128,127,going_down
1131,-5700,-9124,12040,-3517,2998,502,-15696,-5788,-7240,-5189,9368,1889,-17736,6304,-6400,1268,231,443,8272,16688,15112,-475,-1228,1588,-3400,4696,312,-371,-2521,-590,-21744,-1848,-1232,-1506,-1050,575,122,125,going_down
1132,-6140,-10764,11016,-2687,2574,1285,-14832,-7572,-7488,3689,4711,1476,-15408,6424,-4960,272,771,-34,6424,3432,13856,-1176,-2557,-480,-6128,3208,-1376,-1082,-3878,499,-13248,328,-1024,-1475,-965,74,126,131,going_down
1133,-6276,-9620,11140,-886,997,879,-12864,-2532,-7284,5991,2773,3978,-14104,2232,-4752,-915,1461,-179,-9856,7240,9016,-572,-2355,-279,-8552,-344,-6344,-1294,-4556,558,-8968,600,-2816,-1729,-765,110,121,131,going_down
1134,-6336,-9368,11160,634,-524,-187,-12996,484,-6808,3155,2465,4187,-13960,1704,-4920,-1019,1506,-182,-12168,7600,9528,-536,-2819,3,-8800,-984,-9360,-851,-4793,384,-8360,-1568,-3232,-1586,-714,-208,120,131,going_down
1135,-6000,-8976,11376,1531,-1671,-933,-14516,1608,-5756,-874,2877,2557,-13472,-4456,-2256,42,1155,430,-11344,5424,5152,-13,-2617,522,-10592,-1696,-8384,-77,-5022,826,-8240,-2048,-3320,-1432,-449,-20,120,133,going_down
1136,-5728,-8420,11916,1472,-1952,-1361,-14504,2496,-4564,-3720,4118,987,-17408,-3752,-152,1073,575,520,-16296,4288,4128,404,-1998,641,-11176,-1280,-11216,183,-5136,1309,-8024,-2408,-2248,-859,-182,55,119,133,going_down
1137,-5836,-8628,12116,563,-1859,-1519,-15396,276,-2724,-3448,5464,905,-18504,2000,4952,2092,-216,425,-15816,1144,2840,639,-1407,1090,-11648,1640,-11616,509,-5892,1761,-8872,-3880,-2616,-17,39,-304,134,132,going_down
1138,-4944,-9848,11932,-325,-1279,-1030,-16136,-1860,-564,437,7140,2518,-16648,4528,8720,1617,-607,309,-24672,1344,-88,656,-954,1082,-12712,376,-14600,-485,-5290,1585,-8472,-3640,-3536,599,385,-198,125,132,going_down
1139,-4920,-10060,11760,-299,-348,-317,-15148,-1848,-1404,5211,8821,3543,-13216,3368,8816,621,-365,127,-29296,-1936,-1760,444,-1025,1717,-12168,856,-18872,-575,-4996,1433,-7360,-3056,-1512,1268,550,-171,130,130,going_down
1140,-5496,-9772,11516,118,-296,126,-13668,-616,-3184,5937,10881,3680,-11824,3408,7944,-255,16,-191,-27728,-7216,-6728,563,-1071,1967,-10480,3992,-17984,-846,-4732,1286,-8056,1192,216,2272,732,70,121,129,going_down
1141,-5604,-9700,11520,442,-392,433,-13704,1136,-4292,3908,13140,2993,-12024,2592,6704,-761,266,-397,-25864,-12816,-11208,812,-793,1608,-13184,960,-17040,-1982,-4521,1001,-9144,3856,2712,2483,1063,273,132,128,going_down
1142,-5208,-9428,11908,184,-95,1156,-13796,2056,-5276,1522,14790,1852,-12584,448,3096,-1044,247,-314,-26568,-16512,-13376,1061,-409,1255,-16360,-6384,-19688,-1869,-3938,590,-10040,5048,5040,1724,1342,520,121,129,going_down
1143,-5968,-9100,11740,32,396,1487,-13224,444,-8352,-328,16116,1188,-13184,-1096,2336,-1050,318,-29,-23984,-13784,-17464,1230,-165,1300,-17528,-11896,-18568,676,-2874,252,-12480,7704,5784,990,1545,519,122,129,going_down
1144,-6656,-10380,10976,-970,1026,2906,-13824,-1680,-7516,-1082,17455,1207,-13416,-2920,2968,-564,190,255,-25592,-10504,-18480,336,-61,1167,-14040,1384,-16080,2165,-2017,357,-14880,7224,6912,164,1562,124,122,138,going_down
1145,-6068,-10700,10944,-1406,2507,4778,-15256,-772,-7212,-817,18515,1351,-10872,-1728,-1800,-389,-66,102,-23000,-11592,-18664,-460,-69,377,-12776,6848,-13416,925,-1280,324,-17064,4504,8616,-526,1414,-268,115,139,going_down
1146,-6692,-9400,11636,-2471,4468,6306,-10892,-1380,-13788,-2325,19315,1573,-13656,-2624,2312,6,199,271,-18936,-9392,-18240,-466,-85,42,-12304,4392,-10560,-887,-68,-166,-17224,1064,9520,-803,1063,-298,121,131,going_down
1147,-7684,-11004,11916,-6695,8067,10194,-19768,884,-8360,-3068,21019,2535,-16128,-3864,4848,-171,1,223,-15688,-4256,-15144,-913,439,-175,-12464,2736,-8016,-1768,831,-462,-16520,1272,8256,-803,1003,-265,127,137,going_down
1148,-5144,-12932,13376,-9377,14683,14951,-19096,2616,-8740,-3262,24031,1533,-16240,-1248,2296,360,-414,72,-27816,18896,-4232,-20,1530,-1093,-12464,-1360,-7440,-2040,1251,-570,-13816,2664,9664,-767,741,-81,127,128,going_down
1149,-6724,-12144,13340,-4629,19880,17674,-15944,3004,-12888,-3126,27021,1042,-14616,4896,4896,600,-830,42,-32768,-29728,-32768,679,-4418,6546,-13912,7728,-6224,2,2425,-1249,-17864,1408,18456,-1401,483,190,134,135,going_down
1150,-8072,-12864,14996,-1156,22678,22367,-22380,3432,-11720,-2857,28430,327,-17600,3376,6872,35,-1024,373,-32768,-8808,-4168,-375,-3317,4185,-26480,2736,4152,-1016,3029,349,-17488,24,2736,-2134,922,461,127,122,going_down
1151,-6916,-15528,17296,6333,30628,31932,-30872,4220,-13788,-1956,30086,-1363,-25816,-1096,8464,-82,-1730,555,-912,7888,23424,-1325,-4726,1872,-32768,-8584,14488,-488,2782,-981,-32768,-17392,-4912,41,1501,-195,122,111,going_down
1152,-5724,-15152,14980,12040,32767,32767,-32768,5236,-8928,-7989,31133,-1624,-27272,-320,7136,67,-2635,237,-25456,-2088,9520,-1148,-3529,503,-17456,15720,-5368,1056,1404,939,-20240,-9864,9784,1941,-757,-128,126,127,going_down
1153,-212,-16680,16808,11663,32767,32767,-26092,2740,-640,-14720,22494,-1586,-30272,2504,1312,62,-3089,-284,-6064,11840,9784,-1155,-2776,505,-14752,9464,-4816,418,1863,373,-12696,14728,-7792,4150,411,577,127,129,going_down
1154,-28340,-22596,13852,12407,32767,32767,-360,-7184,-108,-16843,11183,-7566,-28128,5192,-5896,-218,-2769,-600,-10240,9264,14968,-821,-2104,85,-21952,8888,-4240,288,1135,191,-20632,23928,-5144,2456,147,579,127,160,going_down
1155,-22808,-18588,23468,16312,32767,29560,6112,2236,-32768,2072,15453,2306,-24200,3200,-6296,-869,-2181,-864,-10904,2912,16672,-580,-845,-252,-23608,7976,-4296,85,1086,260,-30632,17128,2464,-1549,3,-253,125,118,going_down
1156,17408,18324,8904,9854,-2094,-16982,-7236,-6552,15524,-6248,2364,14191,-30592,-1112,2608,-998,-2287,-1194,-13288,544,13472,-32,-222,113,-24152,-4408,-10968,836,936,-299,-22392,384,744,-3103,580,-671,124,127,going_down
1157,-7204,-27272,18772,1808,-2353,-7336,-12480,2168,2624,15801,-13620,6781,-30424,-1696,-3728,-36,-1839,-1192,-10296,7640,11640,111,14,291,-22704,-2384,-9576,1027,966,-331,-17040,-520,1720,-2104,792,16,122,133,going_down
1158,17752,-13156,7660,7264,-16477,-16455,2412,1376,-1748,7340,-25595,2043,-22048,2496,-3088,554,-1423,-902,-10968,8760,10280,87,108,-57,-11856,11832,-6040,-320,1083,-32,-14976,2352,1928,-782,852,491,121,131,going_down
1159,9048,-8316,2756,415,-19201,-18810,-992,1300,-2088,-2622,-32768,1205,-15608,5640,-4456,535,-995,-860,-11080,7432,10680,57,181,-213,-14360,3000,-5240,-536,847,-313,-13272,1776,3800,-232,793,747,122,125,going_down
1160,3440,-9028,3192,-501,-20425,-19088,-9668,812,-1960,-1371,-32768,-2468,-11656,6656,-5344,480,-745,-455,-11384,6848,10360,68,224,-277,-17336,80,-5776,378,807,-417,-13776,2360,3504,149,424,272,124,120,going_down
1161,-20,-7372,2316,1349,-15727,-14583,-7508,3528,-6076,-1321,-32768,-5101,-7128,6704,-5864,412,-528,-127,-11880,5112,9448,34,232,-296,-13856,984,-7560,896,792,-173,-14088,3016,-304,581,255,-139,121,124,going_down
1162,-5700,-9104,3952,1064,-9626,-13308,-7632,3492,-9268,-4036,-32768,-7638,-3680,4512,-5352,672,-334,101,-11688,3776,10152,-30,88,-170,-10936,2056,-7984,691,926,-81,-15832,240,-672,266,290,-136,123,127,going_down
1163,-25232,-10048,8376,-3233,-5626,-22274,-10252,2788,-12032,-4161,-32768,-9690,-1296,3952,-5496,1176,102,301,-11776,5240,10440,-46,-52,-18,-12448,4000,-5896,200,1082,-249,-16192,1168,3504,-124,340,59,125,129,going_down
1164,-20668,-8544,12020,-225,-7956,-23146,-9816,2292,-16836,-2653,-32768,-10503,-1256,4040,-5328,1271,155,325,-11264,6736,11096,-50,-8,-53,-15224,3400,-5056,-106,1141,-272,-14184,3824,5368,-338,200,123,125,126,going_down
1165,-26932,3500,10540,-3242,-8422,-15118,-13212,1840,-16336,-927,-32768,-10115,-2672,7112,-2568,1467,183,703,-11432,6480,10656,-34,89,-159,-14440,2560,-6272,25,1310,-324,-11888,2616,6984,-782,123,240,124,128,going_down
1166,-32140,284,9456,-9898,-12765,-10514,-13984,1784,-16392,-555,-32768,-10045,-5520,7968,336,507,442,766,-11568,6496,10840,-9,173,-259,-13848,2304,-7352,131,1733,-241,-13432,192,6936,-167,189,296,124,138,going_down
1167,-30148,-1476,1264,-4447,-8043,-10634,-13004,1764,-18496,2863,-32768,-7093,-10096,6752,2416,-777,1150,732,-10920,7408,11320,77,227,-370,-13568,2600,-6776,436,1847,-221,-14408,-2144,5560,336,156,369,125,139,going_down
1168,-32768,4108,-1024,-2037,42,-15332,-16808,-200,-19732,6331,-31417,-5116,-15360,4408,5728,-1690,1979,260,-11112,7688,10912,141,339,-550,-13624,2936,-8656,534,1954,-141,-12312,224,4440,902,47,219,124,134,going_down
1169,-32768,10688,1292,-4738,330,-12737,-16236,524,-19076,5092,-26078,-1672,-17416,592,7712,-2102,2615,-343,-12232,7440,10672,361,484,-744,-14080,3008,-10104,680,2093,-76,-11624,2400,5040,728,-132,54,125,142,going_down
1170,-32768,9300,800,-4500,-1557,-5259,-15636,1052,-15488,632,-19260,-1184,-15496,-1544,6272,-1931,2957,-422,-9776,6976,13024,610,870,-1111,-15232,1648,-10088,894,2337,-42,-13576,4608,2312,907,-323,-97,127,111,going_down
1171,-30072,7744,-2608,-3831,-438,1032,-15800,1660,-12160,-845,-13382,-1944,-14368,-3008,4936,-1428,2729,89,-12328,4608,10552,632,1056,-1241,-10504,1664,-11992,1140,2306,-25,-13176,3648,1472,801,-251,-110,128,117,going_down
1172,-25420,2344,-3880,-3147,553,-470,-15216,1572,-12184,-1049,-12150,-1983,-15840,-3840,5632,-456,1868,552,-10560,4480,11192,410,1115,-1239,-10272,-80,-10984,810,2468,-298,-13008,4160,-3440,1228,-134,-128,123,119,going_down
1173,-22552,5020,-5120,-2908,4350,792,-13916,280,-8432,-5704,-377,-3368,-20232,-3536,5352,454,928,561,-14544,1808,9120,256,961,-993,-6128,-416,-16048,482,2208,-340,-12968,5352,-392,1143,-89,-121,125,122,going_down
1174,-21324,5496,-2112,-8597,7225,3502,-14232,60,-8448,-5724,384,-3382,-20056,-728,3288,835,509,459,-13168,4536,12536,298,1288,-1012,-16368,696,-13640,311,2298,-635,-15104,8784,4024,692,126,-64,129,126,going_down
1175,-18824,3000,324,-9208,8592,6090,-14584,552,-4756,-2721,7522,-1187,-17216,-800,2352,110,509,485,-14512,5976,12608,353,1955,-1434,-17144,1056,-15368,268,2454,-638,-18056,9432,8136,-314,12,-106,120,128,going_down
1176,-25728,-32768,32767,-14547,-25967,-3189,-15612,404,-16940,2244,11598,-576,-14712,736,2872,-367,773,458,-14736,7440,14248,578,2934,-2276,-21792,-72,-15096,560,2740,-519,-18296,2736,10056,-1235,-163,-106,134,131,going_down
1177,32767,18568,-17936,32767,-22039,-10415,-15024,-2364,-3368,2338,19920,1758,-22960,3400,7336,66,443,510,-14016,8192,15600,845,4166,-3244,-27000,136,-16712,1048,2966,-239,-19976,-2640,14832,-1105,-836,-295,132,130,going_down
1178,-10416,3200,17596,7335,-32768,-27781,-29716,-1784,11664,9834,16769,558,-28656,840,16200,921,-1564,-471,-10016,13472,18184,818,5858,-4723,-32768,680,-11728,1477,3018,-13,-24528,-2328,13696,-218,-1682,-711,119,134,going_down
1179,-4264,-5208,14444,2985,-20734,-16216,-23660,5612,9356,20860,10903,782,-16064,17352,216,1353,890,24,-1888,11336,15296,-59,7538,-7203,-26032,2264,-6200,1791,2181,115,-29112,-376,8792,487,-2211,-1008,111,126,going_down
1180,-6588,-9308,16216,6450,-20766,-14118,-21144,-636,-1864,4328,15316,-3994,-26088,7760,6272,-1201,-434,-107,-32768,-192,4096,-362,7983,-6544,-6312,6960,-14216,1406,642,1076,-29808,3064,-3592,1084,-2154,-849,124,131,going_down
1181,-7596,-13028,12524,6405,-16452,-12590,-23272,-4052,-3148,7621,15143,3329,-20392,-7016,2984,-1499,44,-902,-32768,-624,-11424,-1006,4814,-2623,8616,-2144,-30568,531,2074,-693,-24656,4680,-6184,1294,-1802,-424,117,123,going_down
1182,-5568,-23552,11692,4956,-11098,-9495,-20756,-10200,1964,6836,14667,3559,-19640,-10712,-4944,-1856,619,-839,-32768,-9080,14480,429,946,632,2080,3304,-10624,777,1491,-944,-22696,6240,2528,756,-1761,29,117,125,going_down
1183,-4964,-9456,14296,4156,-4165,-489,-28228,6088,-9640,-2112,8611,-5666,-27144,-6208,-3096,-29,-602,259,32767,32767,26824,-576,-1782,2920,-22200,7512,10440,11,-642,-332,-29344,13184,1680,-8,-1746,395,124,128,going_down
1184,-2332,-6868,13940,-1141,990,670,-19584,4336,-12884,-6350,14418,1243,-19688,648,-7992,1247,-380,475,-20832,-1896,2560,-1661,1503,1448,-3832,96,3376,-980,-1941,418,-27400,6864,-2320,-991,-1577,814,141,127,going_down
1185,-5880,-9432,11728,-3230,2720,276,-14632,-5776,-8496,-3746,10665,2543,-15664,3752,-7424,1187,267,299,10408,14232,15552,-537,360,1709,-3616,6120,-384,-1055,-3066,-41,-21536,576,-2328,-1224,-1188,669,125,126,going_down
1186,-6496,-9900,11076,-1952,2066,1125,-14040,-6188,-8376,2301,4679,513,-15992,3792,-4528,438,707,195,-8088,10312,17848,-1499,-871,55,-4760,4816,-5616,-2021,-4180,846,-13504,-1064,-2848,-1340,-992,279,124,130,going_down
1187,-6084,-9380,11292,-464,430,448,-13276,-1076,-7800,2183,3742,3394,-14744,2696,-2360,-82,1110,193,-16248,-752,15232,-1090,-2469,280,-5936,96,-7888,-2107,-4587,998,-7696,336,-3056,-1556,-844,-20,120,131,going_down
1188,-5816,-9456,11584,301,-28,229,-15352,476,-6204,-873,4186,2695,-14800,1440,-528,-277,1153,177,-13304,2704,8480,350,-3776,440,-10248,-2648,-7472,-1548,-4880,618,-7240,1432,-4720,-1606,-645,-273,117,129,going_down
1189,-5636,-9156,11920,436,-90,238,-15336,696,-5216,-1466,5053,1811,-15400,-208,-448,-221,1039,271,-13472,5440,344,173,-3665,932,-11024,-5000,-8688,-732,-5112,873,-7848,1952,-5160,-1758,-329,-75,119,132,going_down
1190,-5628,-8432,12044,469,-237,-38,-13796,1364,-5368,-2758,6197,1086,-15104,-1776,1840,329,731,287,-13672,5912,-776,-246,-2579,1614,-10400,-3048,-11888,-403,-5222,1104,-7392,-1592,-4256,-1361,124,98,123,132,going_down
1191,-5580,-9004,12008,199,-462,18,-13640,1304,-5188,-3021,6356,954,-15552,-720,3216,885,197,277,-16856,-584,1856,-910,-1215,2204,-10216,1568,-15344,-678,-5457,1229,-7048,-5560,-4368,-501,450,-5,121,131,going_down
1192,-5828,-9100,11844,-8,-460,308,-14180,-1148,-3704,-1577,8552,1789,-15152,1128,5216,1066,-400,336,-25320,-11216,552,3,-1061,1460,-9280,888,-17496,-1142,-5473,1085,-5584,-5600,-1864,637,624,-234,124,127,going_down
1193,-5344,-9664,11920,-226,-439,693,-14356,-604,-3616,957,9681,2551,-13376,1344,5264,854,-240,388,-32304,-8200,-5880,844,-1780,901,-8920,-400,-20280,-1376,-4890,948,-5216,-864,-1424,1265,849,-119,120,128,going_down
1194,-5872,-8644,11856,101,-237,737,-12924,432,-6104,1554,11112,2367,-11656,3184,5552,205,39,194,-27904,-5944,-13192,527,-2021,1232,-10904,-744,-19816,-1467,-4378,739,-6504,2128,280,2093,1240,45,121,126,going_down
1195,-5668,-8872,11812,-13,-630,714,-12944,784,-6252,612,12949,2529,-11128,5848,4384,-192,423,-144,-23768,-8024,-16832,-199,-1230,1531,-15520,-2920,-19808,-989,-4086,528,-9224,2016,3504,1690,1354,313,120,129,going_down
1196,-6640,-9668,11516,-731,-70,1845,-14064,-132,-7260,174,14192,2034,-12872,3200,3960,-1000,684,-205,-26696,-12288,-17136,-248,-528,1455,-15856,-2328,-20392,123,-3411,443,-12800,3408,4368,764,1475,596,125,126,going_down
1197,-5960,-10780,11288,-1017,1009,3074,-14352,-676,-8852,-1006,15681,1727,-14944,-1280,2984,-1406,737,-52,-29408,-13224,-18144,-37,-737,1255,-13160,2768,-17752,515,-2494,504,-16432,3432,6864,292,1766,490,120,129,going_down
1198,-6984,-11828,11032,-2676,3461,5855,-15148,-1880,-8976,-2238,17532,1471,-15592,-4808,3712,-1152,658,209,-24648,-12584,-19248,-100,-855,593,-13032,3616,-14960,-446,-1371,233,-19192,3160,7592,89,1796,-63,120,143,going_down
1199,-6788,-12392,12000,-5822,6926,9915,-18304,12,-8292,-4164,19744,920,-15328,-6016,5744,-764,383,210,-20440,-9304,-17624,-500,-411,68,-14776,-640,-13216,-919,-329,-79,-18776,2760,8880,-150,1727,-360,126,141,going_down
1200,-5892,-12608,12940,-8498,12442,14492,-18200,2328,-7800,-5699,23259,487,-13392,-1256,2488,-28,-129,62,-15400,-6632,-17232,-748,233,7,-15864,256,-8312,-438,515,-273,-17248,4472,9960,-378,1373,-185,119,141,going_down
1201,-6444,-9788,13940,-5521,14406,16165,-12620,3144,-13068,-4613,24570,694,-12896,3240,1688,158,-289,124,-32768,32767,-8296,796,2112,-1702,-13288,360,-14112,-610,946,-278,-17544,5912,10888,-349,1107,88,125,138,going_down
1202,-8232,-9392,13892,-1815,16365,17397,-16616,2616,-12332,-2362,25305,1171,-14096,2664,8112,38,-237,364,32767,32767,16528,-2689,-8833,6517,-14600,5848,-15808,-65,2390,-1352,-16488,1776,20024,-1881,-279,-179,125,126,going_down
1203,-8816,-16720,16388,1815,23328,26706,-32324,2092,-12328,-1994,28388,-1499,-21120,-4400,13592,-119,-1203,679,13856,13520,24712,-1338,-6337,3668,-29776,2288,5088,-803,2780,-202,-21008,-2616,-2672,-1686,1459,223,124,124,going_down
1204,-6888,-20860,17408,13289,32767,32767,-32768,2828,-10316,-6629,32767,-3442,-25456,-4232,9384,472,-2597,384,-6328,25544,14720,-834,-6283,1037,-27664,9200,4136,-487,2016,-710,-32768,-18288,1968,-178,715,-129,124,149,going_down
1205,20,-25136,24700,17372,32767,32767,-32768,3492,3884,-12886,29194,-2511,-30048,2856,5744,731,-3530,-51,-12032,8432,11112,-681,-2691,1024,-16576,15976,-5384,-887,2019,359,-17408,-2080,9248,2345,-872,516,124,107,going_down
1206,-6184,-17164,19716,25617,32626,32767,-3188,-7328,-4608,-14097,25984,-5250,-29296,2440,-5152,-154,-3260,-722,-13416,10168,11216,-541,-1941,223,-24688,4896,-10080,-759,2122,179,-17648,15680,-2944,2810,79,923,127,148,going_down
1207,-5740,-30712,32767,25176,32767,20313,3044,3156,-27748,-1280,21207,3738,-26544,1712,-7144,-612,-2286,-1110,-11024,3200,15256,-555,-847,-426,-23760,-5048,-10856,524,1659,569,-22696,14784,-3848,880,-326,0,127,119,going_down
1208,32767,20536,-3012,8890,2819,-10281,-12740,-7316,13292,-2708,5448,13791,-30424,-1768,2424,-344,-2397,-1421,-10144,2376,14472,-162,-418,21,-21808,-1952,-12552,1980,1196,145,-22368,6728,-1552,-842,-164,-732,124,124,going_down
1209,1492,-32768,6156,9476,4144,-3176,-9712,1072,2276,16301,-9009,7547,-28288,1096,-1272,326,-2216,-1458,-11760,5144,11448,22,-194,218,-16528,7064,-10680,1691,1249,-95,-16472,3288,-2768,-710,302,-468,123,140,going_down
1210,21200,-4464,-3032,11642,-3631,-7691,1108,1052,-20,12289,-22008,5538,-23912,7832,-2640,394,-1830,-1271,-10760,8584,11384,83,-41,1,-14336,11304,-8320,303,1039,-63,-18536,7464,160,-923,223,-180,123,133,going_down
1211,13844,-10868,1668,7776,-6494,-6939,-3556,104,-3332,5606,-31138,2359,-19144,7816,-4624,-45,-1221,-1118,-11456,7160,10392,6,193,-219,-14992,5240,-9704,-609,1081,-287,-17224,4712,1440,-676,662,321,123,125,going_down
1212,4168,-12204,4156,8218,-5660,-11428,-8028,1296,-4960,5755,-32768,-524,-14176,5016,-5168,-328,-778,-767,-11688,6744,10904,37,287,-322,-16896,2048,-8440,-217,1065,-520,-17208,2360,3448,-348,1053,652,122,122,going_down
1213,-5756,-15428,8964,1081,-7667,-24319,-5260,1368,-9024,3857,-32768,194,-9896,2376,-4520,121,-320,-377,-10568,7776,11264,111,434,-458,-16000,1240,-7632,239,997,-433,-17488,3384,-152,431,859,572,123,133,going_down
1214,-11048,-7616,11864,2912,-11114,-27492,-7896,-324,-8872,223,-32768,-1673,-5544,2408,-4312,764,-132,-5,-11208,5920,10408,118,446,-464,-11880,600,-9872,476,859,-137,-14432,384,-2056,450,876,256,123,128,going_down
1215,-19192,-3188,16036,-5013,-19938,-20496,-11236,-936,-12204,-140,-32768,-2425,-3336,576,-5776,2003,27,331,-12432,4280,9872,100,292,-347,-12040,936,-9080,641,887,-136,-14064,-560,88,271,795,80,122,122,going_down
1216,-21096,-5132,13964,-11696,-28353,-14410,-11736,2200,-14104,-343,-32768,-3747,-3904,2832,-4336,2763,166,633,-11328,5544,10400,131,260,-243,-13360,2688,-7952,494,934,-155,-14480,1536,2488,144,870,8,123,131,going_down
1217,-21572,-8960,5200,-13977,-26088,-15322,-13232,3972,-13988,57,-32768,-5697,-4984,8552,-3464,2731,74,904,-11440,5800,10640,85,278,-356,-13640,2968,-7520,297,1033,-210,-14840,4072,4512,60,981,-65,124,121,going_down
1218,-19776,-7688,1476,-8139,-11300,-20956,-14728,4120,-14968,-3519,-32768,-8187,-5784,12272,-192,1722,313,1002,-11584,5408,10032,97,310,-365,-12808,2152,-7672,274,1228,-252,-14152,3816,3096,92,1024,37,126,133,going_down
1219,-24080,-400,6232,-8936,260,-17105,-17640,-800,-14092,-7677,-32768,-9258,-7176,10256,3744,-241,1061,735,-12000,5536,10104,73,300,-424,-11920,2136,-8208,215,1446,-308,-12856,264,3160,-109,1023,405,124,119,going_down
1220,-31524,-2256,15060,-12953,-1324,-10206,-19392,-5756,-14716,-1050,-32768,-5781,-10384,5968,4960,-1924,2124,159,-12392,5376,10208,94,321,-458,-12560,1456,-9048,257,1595,-224,-12920,-192,3104,-66,1003,452,123,133,going_down
1221,-32768,-1772,14284,-13761,-8777,-7695,-18924,-5244,-14980,765,-32768,-4430,-12360,3560,5552,-2851,3045,-396,-11488,6480,10752,161,459,-569,-13608,1056,-8192,491,1733,-213,-12000,1184,2128,441,654,168,122,124,going_down
1222,-30228,-2088,4816,-14162,-13378,-8404,-18960,-200,-11328,4715,-32768,243,-12856,-8,3432,-3053,3357,-597,-12608,5280,10120,190,580,-691,-11632,1080,-10440,681,1849,-121,-12208,624,1272,598,505,-191,124,139,walking
1223,-25796,2248,-4820,-14286,-4779,-4143,-18976,1488,-9264,-14847,-24772,-3815,-16392,-4536,3264,-2286,2752,-378,-12640,4856,10536,242,689,-792,-12536,1088,-11528,727,2000,-125,-13800,1568,1384,792,603,-347,121,128,walking
1224,-26860,20,-8360,-15411,5650,1010,-17540,-316,-12304,-14925,-19200,-6735,-19928,-6520,6880,-476,1329,-102,-11728,5896,10960,324,917,-861,-12544,632,-12368,667,2052,-115,-15064,3264,-744,1023,761,-379,126,131,walking
1225,-28208,8204,-8112,-26157,7920,256,-11976,4652,-12696,-14956,-10406,-6866,-22696,-4352,10752,780,300,142,-13392,4472,10320,314,1153,-984,-12464,352,-14088,638,2114,-242,-15040,4920,1184,826,1026,-311,123,138,walking
1226,-23968,15500,4596,-27905,2930,413,-7836,216,-7208,-25074,-133,-6106,-22928,-3776,13048,17,-39,34,-14392,4736,11536,409,1502,-1247,-14976,344,-13800,684,2146,-227,-16224,7072,2248,589,1190,-224,112,136,walking
1227,-25068,13444,2620,1701,3915,11096,-12388,-6500,-6040,-8555,6622,-4222,-18568,-5024,9008,-681,589,-57,-14320,5520,11568,492,2117,-1569,-15896,360,-13896,872,2296,-325,-16616,6640,4664,76,1069,-249,137,127,walking
1228,-32768,-21688,6096,-2032,-18344,5723,-15088,2804,-18200,10660,13079,3257,-14992,-2584,2672,-764,1081,-128,-14624,6680,12088,638,2804,-2070,-18416,1768,-13952,1006,2437,-323,-16008,1880,7560,-250,873,-330,134,125,walking
1229,32767,32767,-32768,32767,-23762,-13850,-16464,-15100,-14880,12700,31614,1322,-27720,-752,5904,-307,143,279,-14080,9680,15136,872,3952,-2985,-28152,2768,-14344,1058,2849,-265,-21320,1160,12344,-66,485,-600,119,128,walking
1230,-5620,-7528,32767,19018,-32768,-28829,-32768,16684,14376,23895,25868,8653,-29600,2928,8368,2455,218,-7,-9824,12800,18088,767,6270,-4976,-32768,2984,-8776,1637,3043,-157,-27848,5088,12248,59,-490,-884,120,129,walking
1231,5752,-10292,19348,9116,-18849,-10247,-20656,11836,8104,31121,14303,3916,-10024,20392,-13160,2161,1139,-304,200,6344,15328,192,8516,-7470,-32768,3080,-3472,2489,2553,-136,-28672,5784,9056,98,-1698,-935,128,128,walking
1232,-2220,-16228,15816,6394,-20558,-13351,-15664,1600,-2228,1892,22709,-3750,-22584,16800,2904,1174,145,76,-32768,8064,15856,-7,8629,-6513,-14584,9952,-23320,2427,1958,153,-28040,8064,-1768,773,-2383,-446,122,134,walking
1233,-9480,-10556,10920,2982,-12414,-10149,-31324,-13608,-9204,12959,14989,1414,-23640,-2152,-8928,-770,1036,-190,-32768,10608,13984,247,8358,-5804,-7792,8408,-21856,935,2941,-1878,-27616,12440,-7336,967,-2584,71,124,126,walking
1234,-5684,-19888,7932,2622,-5826,-5444,-18460,-9252,-2556,14809,10589,2159,-17952,-9080,-14496,-1635,1521,-121,32767,-13720,32767,-674,-2541,2559,-20792,10912,2656,-148,1040,-1939,-32768,9024,696,-659,-2959,381,121,128,walking
1235,-6432,-10680,11724,1749,-1044,539,-21836,5512,-9012,-10374,9311,-6255,-26072,-11184,-11000,-586,833,1281,-32768,24312,13000,-1666,-2621,3038,-6792,2336,-1192,-1623,-832,-1100,-32768,8888,-3504,-1313,-2886,558,121,127,walking
1236,-4436,-7388,13364,-2100,2976,2121,-21956,336,-8992,-12691,8488,-1440,-18312,-536,-8480,1261,896,674,10664,18064,21696,-2189,-2348,988,-9088,2640,-2536,-1488,-2315,-1136,-29160,4104,-2448,-1808,-2717,824,118,121,walking
1237,-4348,-10104,12920,-4924,6511,3345,-20032,-4420,-3276,-4797,5892,-946,-21064,10312,-5296,1541,1303,302,-1096,15600,16416,-1274,-2953,1918,-9544,3016,-5112,-1572,-3742,-349,-23296,2688,-4792,-1611,-2570,819,120,127,walking
1238,-5292,-11052,12336,-6488,10107,5349,-19880,-3824,-2060,3833,4474,291,-17248,11864,296,374,1021,5,-4664,14984,14328,-1532,-3958,2582,-10416,3032,-5616,-1592,-3901,-294,-18880,1696,-7440,-1502,-2063,757,120,127,walking
1239,-6724,-11528,11196,-5549,11670,6572,-16256,-1016,-3668,1994,5310,1199,-17064,4632,400,-1255,826,-159,-12352,11984,14576,-1276,-4773,3250,-11088,360,-9136,-1147,-5682,-196,-14456,1272,-9192,-1674,-1612,400,122,131,walking
1240,-6568,-11176,11152,-5403,11817,6670,-15764,-3188,-3296,-452,6015,771,-15696,536,-1776,-2142,828,-137,-18888,10496,13376,-1007,-5539,3277,-12904,744,-11224,-743,-6381,292,-11368,3416,-10200,-2161,-1207,182,124,131,walking
1241,-7724,-11308,9048,-2230,9382,8444,-13904,-900,-4144,-5642,6812,-1852,-13088,-248,-4216,-1813,807,-197,-21816,13600,13280,-531,-5734,3438,-15864,1272,-12792,-819,-6808,618,-10856,3736,-10120,-2235,-1095,188,124,133,walking
1242,-9060,-10012,8304,-1212,7375,9122,-11992,-2156,-6124,-11388,7122,-3839,-13496,1024,-5464,-1661,828,-323,-27544,11856,11992,-725,-5309,3916,-20840,2024,-16704,-979,-6931,743,-7640,2688,-8248,-2472,-738,-143,116,128,walking
1243,-9280,-9496,7924,466,5563,8479,-12180,-4000,-7096,-10776,6459,-3296,-12624,2280,-5432,-1781,805,-229,-32768,13840,11928,-622,-4979,3902,-22960,2680,-18776,-1262,-6683,724,-6952,2016,-7560,-2951,-556,-229,123,125,walking
1244,-10028,-8660,8460,1754,4476,7759,-13012,-3360,-7116,-7251,5382,-2015,-12424,208,-7240,-1825,783,144,-32768,20080,3208,-1408,-4122,4151,-22440,3152,-18776,-2519,-6204,783,-6600,-1128,-4872,-3311,-416,-86,119,129,walking
1245,-8948,-7888,9132,746,1738,6780,-13224,-1412,-7520,-4933,4486,-1499,-12432,-672,-5384,-1418,1099,299,-32768,17200,2992,-2112,-2584,5062,-19120,5576,-20960,-3882,-5373,134,-9040,-4448,1208,-3272,-701,-52,123,126,walking
1246,-10824,-7864,8600,-43,519,6282,-13448,-688,-6036,-4917,4917,-1245,-13248,1808,128,-958,1188,208,-32768,12168,-1016,-3167,-2365,5042,-17744,8360,-20736,-4901,-4713,-692,-11616,-3816,8480,-2184,-880,-84,125,124,walking
1247,-9124,-8612,9772,-1499,-268,6482,-13840,-372,-3860,-6277,6154,-1965,-15040,2800,1304,-926,1146,123,-32768,8864,-7816,-3755,-1748,4150,-16736,3920,-21352,-5715,-4003,-1103,-10752,-2864,9488,-982,70,443,121,128,walking
1248,-8268,-9516,10100,-1543,0,6320,-15356,-392,-2744,-7524,7922,-2348,-17168,320,1256,-1304,1012,45,-32768,14304,-15720,-4353,-1057,4037,-15560,5184,-19648,-5158,-2739,-1538,-11920,-3752,8864,-768,929,990,120,131,walking
1249,-7936,-7548,10948,-605,2221,6727,-16892,132,-3220,-5674,9431,-1996,-17696,-560,2032,-1278,832,94,-31232,7120,-20712,-4267,261,3833,-11152,7536,-20984,-4977,-1609,-1380,-17848,304,13520,-2087,158,975,120,126,walking
1250,-7580,-7536,12144,110,4726,6483,-17216,576,-3152,-2821,11144,-608,-16664,-2768,824,-989,688,228,-32768,2360,-18208,-2929,1124,3244,-8448,8048,-19216,-4463,-513,-1122,-20512,6136,12440,-2819,-942,145,137,133,walking
1251,-8712,-7676,11632,1408,7485,5695,-16608,-736,-4224,781,12448,873,-16904,-4352,40,-682,754,304,-32768,2728,-17872,-2737,1205,3081,-9080,4152,-17408,-3536,577,-554,-18152,2880,10432,-2278,-366,-63,121,128,walking
1252,-9432,-9068,11324,2643,10027,6085,-17920,-2244,-5228,4634,12924,2419,-17592,-3720,-248,-388,638,310,-32480,-3720,-12688,48,1354,1102,-9184,3264,-17344,-3291,721,-475,-6384,-2744,7560,-1558,910,-45,124,139,walking
1253,-11872,-10696,10144,4623,12821,7133,-18164,-2648,-4676,5870,13950,2664,-17168,-2144,1824,34,415,449,2088,-8360,-24816,1624,1551,1096,-19912,5232,-15480,1191,1902,608,-14280,-2432,3408,808,-70,281,123,146,walking
1254,-10972,-11604,9908,655,13524,12729,-20316,-3248,-2220,1830,15925,1785,-21944,-1936,4616,-89,193,264,-30648,12624,30936,912,2492,-315,-32768,-1224,1128,1095,1984,1010,-28704,-8552,5992,-2083,-493,-557,122,135,walking
1255,-11124,-14812,10328,-153,18749,21707,-27268,-2664,-472,-2771,17207,-832,-25912,2040,6744,-198,-742,-202,-6544,5648,10904,102,453,-1110,-16056,-400,-13944,1400,2095,678,-22008,-5472,-6336,106,659,43,123,127,walking
1256,-12088,-13528,10292,-855,25466,32767,-26908,1296,-2832,-10469,16899,-4476,-24240,7032,8912,-89,-1724,-540,-9064,11096,14424,-709,-438,-872,-5904,2064,-10840,850,1897,805,-15168,-4624,-888,1754,1071,1181,123,131,walking
1257,-23504,-17044,14436,-3576,32328,32767,-22924,3900,-376,-21009,18458,-9951,-18456,11776,2112,-1281,-1915,-550,-11520,3024,13568,-497,-154,-80,-21352,1680,-10056,-653,1368,600,-12480,6568,-3288,2203,709,1213,120,130,walking
1258,-23084,-9756,16048,-5831,32767,32767,-23476,1452,-12016,-28022,26166,-12885,-21000,10096,-1808,-2632,-2002,-763,-10720,6400,12288,-58,-4,237,-20872,496,-7232,-688,1174,124,-14608,17744,-5472,1405,752,614,120,127,walking
1259,-23448,-18940,12792,-27145,32767,32767,-22576,896,-11416,-30495,27491,-3282,-22368,6632,-8368,-3078,-2401,-1401,-10592,6192,11376,-27,-37,201,-14656,5320,-7576,-454,860,138,-18160,17232,-3784,-1345,1353,-72,120,123,walking
1260,-19176,-32768,28048,-27044,24843,31729,-21268,-5036,-10720,-27636,23177,-5497,-23312,7336,-9912,-2577,-2605,-1770,-9856,6560,12168,-25,-71,75,-16144,4952,-4184,-1090,798,20,-17648,8760,-672,-2601,1565,-387,121,124,walking
1261,0,-28208,18356,-22104,-21545,2698,-14472,-7076,-6420,-18693,12794,-4831,-25800,8896,-6936,-1665,-2629,-1714,-10104,6280,11992,-48,-46,-15,-16416,1648,-4232,-1117,813,-216,-16216,3528,560,-2877,1420,-140,121,141,walking
1262,-6752,-29692,7328,-8729,-12227,1044,-14352,932,676,-6701,2344,-6979,-24064,10496,-4632,-424,-2889,-1632,-10368,5552,11760,-58,-24,-78,-16768,-312,-5760,-722,634,-221,-16368,-1072,592,-2519,1388,137,122,131,walking
1263,8020,-9700,6332,-9234,-16358,-11567,-8804,3344,-4168,-3743,-5594,-11731,-21256,10488,-3800,-117,-2861,-1545,-10184,5176,12152,-42,-4,-69,-17328,-2864,-6664,-49,431,-83,-16688,-5400,0,-1519,1486,102,123,132,walking
1264,1580,-9972,9676,-16836,-17097,-14388,-4208,5280,-2896,-4784,-13029,-14247,-17840,12320,-1360,-217,-2724,-1338,-10184,5232,12248,-8,-19,13,-16464,-1368,-5072,495,271,104,-15816,-6160,-80,-414,1448,-76,124,130,walking
1265,1924,-7392,15320,-19200,-21508,-20342,-8468,6404,-4168,-3870,-20737,-18390,-15776,13696,-2216,-994,-2365,-879,-10024,5592,12208,15,-33,38,-16056,1000,-4672,393,194,185,-16008,-3480,768,437,1452,-127,126,127,walking
1266,-76,-1404,16540,-21620,-25908,-22185,-9048,7320,-3480,-3732,-21801,-18695,-13784,12256,-2856,-2014,-1813,-517,-10016,5568,12248,8,-6,48,-15728,2352,-4544,-73,200,69,-16648,-712,312,871,1498,-89,127,129,walking
1267,-2772,196,20632,-24722,-27173,-22688,-10076,14352,-4920,-7502,-30462,-19975,-11688,9200,-2888,-2213,-1352,-380,-9848,5720,12192,-21,30,36,-16064,1000,-4216,-329,219,1,-16528,1736,-104,736,1585,125,126,135,walking
1268,-5216,1876,25288,-26355,-29108,-22836,-12336,15324,-5824,-9234,-32768,-20577,-8776,7152,-3408,-1518,-1166,-256,-10208,5352,12064,-54,-27,23,-15832,-1136,-4032,-74,232,28,-15224,3480,1208,352,1562,160,125,126,walking
1269,-9368,3676,30332,-26677,-32768,-21201,-12712,15460,-6152,-9672,-32768,-20354,-8376,4360,-4336,-714,-1107,-102,-9776,5792,12008,-51,-97,20,-15472,1320,-3000,385,272,82,-14576,3344,3032,-175,1424,-19,126,133,walking
1270,-10204,2672,30488,-25050,-32768,-19016,-15336,15832,-8504,-14510,-32768,-16799,-9664,1880,-2752,-411,-1082,33,-9768,6008,12040,-36,-102,-77,-15568,3104,-2736,283,356,52,-16120,2608,2256,-329,1347,-268,125,130,walking
1271,-11944,3492,29840,-21684,-32768,-17778,-16892,14624,-9332,-17440,-32768,-14497,-9824,984,-472,-594,-897,66,-9712,5888,12128,-63,-138,-166,-15536,2744,-2848,39,520,-131,-16432,1624,2304,-351,1280,-281,124,127,walking
1272,-16992,2208,29784,-20403,-32768,-14763,-18048,12180,-10156,-20368,-32768,-13029,-9656,1072,1536,-1079,-618,46,-9920,5416,12200,-75,-126,-213,-16296,744,-3632,4,613,-177,-15552,1624,2600,-318,1402,-119,126,128,walking
1273,-17028,-636,25492,-18485,-32768,-12426,-18936,10188,-9844,-20516,-32768,-12487,-10328,1992,2200,-1781,-76,273,-9888,5920,12344,-91,-134,-233,-16232,1896,-3176,150,712,-230,-15736,2728,1464,-270,1585,-41,126,126,walking
1274,-17864,-1640,22812,-16637,-32768,-10858,-19228,7568,-9840,-18691,-32768,-11599,-10952,2096,3520,-2570,404,445,-9368,5720,12640,-110,-153,-365,-16048,1920,-4144,-114,750,-244,-15784,2008,-624,-287,1805,-186,122,125,walking
1275,-23220,812,25192,-15278,-32768,-6705,-19476,5284,-9804,-17443,-31986,-8786,-12200,80,4640,-3072,586,487,-9440,5504,12240,-84,-96,-467,-16912,424,-4520,-156,780,-273,-16208,1480,-888,-191,2032,-152,121,124,walking
1276,-24004,3420,20476,-13930,-32768,443,-17920,7148,-11604,-15901,-28622,-6780,-14128,-2976,5360,-2994,438,570,-9664,5400,13160,-71,79,-505,-17784,136,-4536,-144,843,-327,-17264,16,-192,15,2147,-39,119,127,walking
1277,-23420,3736,15124,-13058,-30613,3982,-15820,9140,-12832,-21603,-22831,-5633,-16280,-4824,8280,-2499,143,727,-10048,5200,13208,-113,389,-474,-17216,360,-4680,-80,949,-364,-17056,112,232,30,1979,-31,130,127,walking
1278,-25284,4288,14168,-8654,-25760,7216,-15372,5712,-13852,-26891,-15754,-6367,-16536,-5296,8656,-2438,113,738,-10432,6072,14264,-169,733,-483,-17624,1176,-2944,-103,1206,-506,-18056,504,1872,-156,1677,-109,118,128,walking
1279,-27996,9752,9388,-4910,-20719,10371,-12676,1956,-13812,-24033,-7995,-3620,-18616,-7104,13840,-1459,-44,921,-12184,2608,15280,-257,1441,-695,-20128,-608,-4416,-262,1474,-601,-21200,1200,184,-285,1162,-202,118,131,walking
1280,-29092,6088,5600,-1962,-13686,13050,-12516,-76,-14300,-16855,-147,1208,-17352,-3256,10880,-865,104,724,-10792,5608,15464,-281,2281,-1105,-21424,184,-4440,-292,1664,-704,-20520,2608,576,-224,732,-419,121,129,walking
1281,-18720,-224,11104,1026,-7098,13230,-13580,-1604,-15400,-7596,7039,5026,-16480,-648,8168,-823,267,501,-9488,6128,16072,-664,2747,-1194,-21240,1408,-3800,-421,1802,-890,-20384,3360,488,-209,728,-460,114,127,walking
1282,5880,2852,-4336,2262,21113,22645,-19120,-12956,-13692,-9047,16080,3405,-18480,-1800,13336,-1274,-979,-146,-13064,5216,14608,-594,3606,-1626,-23456,3096,-3928,-414,2034,-1017,-22856,6688,3800,-595,616,-623,115,129,walking
1283,-32768,-32768,20548,-16835,-4204,-10967,-32768,48,17396,1384,14225,4020,-24552,-3072,2000,342,-292,243,-10456,9504,15232,-314,5235,-2375,-27536,5760,-2224,-482,2226,-1263,-27088,6704,4088,-975,303,-493,121,128,walking
1284,-29512,-10200,29520,3879,1581,-2466,-16468,2244,-7192,7936,13805,512,-20304,-688,-2560,1503,1039,632,-8496,10864,13368,-807,5574,-3615,-26520,4888,1656,-308,2372,-1178,-25320,5032,7760,-975,-249,-481,117,127,walking
1285,-14516,-17276,9908,8895,2294,-1251,-7012,-1484,-9372,527,13910,4653,-10376,2104,-12112,948,1558,-739,-11752,12896,12032,-755,6672,-5013,-27112,5168,8120,987,2339,-882,-24744,4272,20328,-2417,-2470,-562,116,126,walking
1286,-6728,-9924,10236,8129,-605,-602,-17228,-9064,-7724,6258,10702,2657,-11896,3552,-1712,-211,1698,-656,-18440,5464,11032,-1539,7409,-6059,-20816,3968,3016,1250,2433,-561,-12608,-2104,2992,-812,-1565,-467,119,127,walking
1287,-6244,-9132,11888,5717,-859,-29,-18172,-420,-7556,15247,4628,784,-13168,7672,-9232,-844,1873,283,-32768,7824,10320,-327,5253,-3120,-13568,5384,-14872,1463,3257,-1320,-15256,-2608,5720,-488,-1631,-372,120,130,walking
1288,-5160,-9884,11352,3214,-659,-335,-17376,1400,-7804,14489,4330,820,-16544,3744,-5280,-1235,1501,893,-32152,32767,21792,-3330,533,-795,-27592,10816,-8760,858,3054,-1462,-21792,11544,-9656,1648,-2535,-166,123,129,walking
1289,-5096,-10712,11148,2160,-660,-190,-16296,-1192,-5168,-7145,5797,-3580,-20840,-1560,-5848,-497,1691,707,-10688,11080,29704,-480,233,394,-22472,5208,-5448,-223,2172,-1702,-24240,13240,-12528,778,-2813,436,121,133,walking
1290,-5372,-10560,11172,954,-334,-91,-16564,-3048,-4964,-7140,4493,-3700,-16616,-2504,-3904,377,1741,188,-16792,23248,14352,-2354,471,1048,-18048,8760,560,179,1118,-1774,-22200,11792,-9352,-1301,-2942,537,95,130,walking
1291,-4988,-10268,11228,368,113,-60,-17116,-3368,-3352,-4015,3520,-3141,-17088,992,-2856,494,1669,52,-9400,5576,16720,-2653,-340,592,-10488,9688,-2312,-993,155,-1434,-21904,11344,-6976,-2239,-2820,808,98,126,walking
1292,-4988,-10604,11084,-35,472,9,-16040,-3256,-2880,-2747,2998,-2407,-17312,2168,-2616,-23,1421,259,-5968,12648,17640,-2148,-1635,1112,-10392,10896,-4488,-2613,-444,-1940,-20968,11400,-6360,-2615,-2844,1006,135,128,walking
1293,-5176,-11216,10712,171,300,69,-15500,-5352,-2716,-834,2433,-1342,-15496,-256,-2600,-844,1408,481,-5024,11568,13608,-2840,-2709,897,-10144,6912,-4992,-3439,-1461,-1964,-19728,11168,-8240,-2992,-2824,876,130,126,walking
1294,-5292,-10948,10772,794,16,364,-15484,-4712,-3072,1386,1572,-514,-14664,-1160,-2824,-1145,1713,331,-4400,15864,8792,-3062,-3479,1487,-10288,5992,-5696,-3521,-1625,-1983,-17448,10176,-9640,-3551,-2320,980,128,127,walking
1295,-5236,-10724,10912,1235,-235,557,-15496,-1136,-3432,-1138,1547,-1314,-15528,2016,-2304,-1210,1953,-54,-9200,20264,5656,-3403,-3889,2464,-9320,5040,-8344,-2591,-3060,-2014,-17312,6976,-10496,-4114,-2256,796,126,131,walking
1296,-4928,-9900,11256,945,-252,854,-15944,-632,-3820,-6423,1559,-2436,-17176,3424,-2960,-1655,2057,-176,-10168,19760,1688,-3591,-4041,3660,-10568,10320,-9704,-2300,-3803,-1811,-15632,7000,-10784,-4563,-1982,516,126,131,walking
1297,-5332,-10144,10996,731,-190,1242,-16260,-4344,-3860,-8504,1607,-2359,-16160,176,-3424,-2224,2123,-64,-15408,18824,2016,-3503,-3865,3914,-11280,14240,-11920,-2736,-4448,-1614,-14816,5880,-9024,-4594,-1837,412,124,132,walking
1298,-5288,-10104,11320,498,-328,2714,-16388,-4728,-2824,-7946,1694,-1333,-15640,-3248,-3488,-2438,1944,64,-19792,20120,3456,-2994,-4069,3604,-12384,12424,-14472,-3205,-4777,-1380,-14136,3704,-8064,-4494,-1577,233,123,132,walking
1299,-6036,-11160,10756,55,-678,5071,-15744,-4072,-2064,-9084,2391,-806,-16472,-4304,-2432,-2254,1723,145,-21560,22480,2216,-2600,-4151,3413,-14816,9896,-14120,-3025,-4952,-883,-12608,-336,-7152,-4031,-1269,103,123,130,walking
1300,-5196,-11712,10688,76,-727,5525,-15252,-4232,-1864,-10371,3264,-926,-17800,-3128,-2416,-1929,1461,120,-22048,21696,2552,-2376,-3826,3952,-16928,9896,-14896,-2840,-5058,-623,-11608,-3056,-4928,-3249,-1063,125,123,127,walking
1301,-5648,-10360,11044,-757,-493,5766,-16464,-3592,-1248,-8858,4221,-329,-17760,-2000,-4760,-1938,970,-36,-21672,21736,1312,-2087,-3013,4391,-19120,10200,-14496,-2887,-5083,-534,-11120,-3528,-3712,-2702,-846,463,123,128,walking
1302,-5788,-11352,10984,-1540,369,5298,-16296,-3216,-1348,-6058,5788,416,-17328,-544,-4136,-1754,1034,-117,-26024,21784,1912,-2514,-2313,4094,-18088,10248,-15520,-3366,-4989,-264,-11016,-3912,-2264,-2383,-562,820,123,128,walking
1303,-5940,-10204,11076,-2466,1478,5682,-16772,-1628,-796,-4553,7283,580,-18352,1744,1392,-1221,978,12,-26048,21968,2064,-2582,-2244,4066,-16120,9144,-16768,-4155,-4713,-173,-11976,-3016,-384,-2519,-545,912,123,130,walking
1304,-6608,-9868,11052,-4369,3469,6785,-16896,-1644,-408,-4550,8564,221,-17336,456,424,-1708,754,38,-31096,14064,-960,-2067,-1401,4445,-18296,6400,-18016,-4249,-4218,-461,-12792,-2648,1368,-2274,-470,839,123,129,walking
1305,-5592,-10392,11492,-5448,5551,7317,-16536,-1656,-1520,-3542,10121,-1,-17032,472,72,-1747,779,-28,-32768,18608,-6520,-2846,-1167,3946,-18840,7232,-19432,-4173,-3438,-564,-12960,-3200,5024,-1589,26,1049,123,125,walking
1306,-6316,-9688,11204,-6174,7172,7656,-16420,-1332,-2072,-3554,10355,-45,-17648,128,1432,-1397,709,-59,-32768,9024,-13872,-3711,-838,3359,-14448,7784,-20568,-4327,-2709,-581,-14920,-1816,10624,-1438,100,1230,122,130,walking
1307,-6532,-9796,11052,-6199,9713,8089,-16584,-1080,-1528,-1946,14134,-72,-17336,-240,-520,-1168,502,-160,-32768,1992,-19008,-2515,-224,2890,-9296,5344,-22048,-3913,-1703,-414,-17944,3760,13792,-1922,-702,921,119,129,walking
1308,-6640,-9556,11436,-5260,13788,9161,-17312,-580,-2988,368,15887,59,-17072,-832,1016,-1146,461,-174,-32768,-1264,-20544,-1391,-88,2129,-7472,2936,-21360,-2732,-420,42,-18616,4088,11584,-1933,-441,480,121,137,walking
1309,-7088,-10764,11368,-4119,16881,10613,-17800,-992,-2524,1545,18026,225,-16944,-1680,512,-1249,317,-102,-29488,-3808,-16576,-531,554,1186,-7800,1568,-19448,-1226,670,491,-14872,992,8184,-1374,350,37,122,128,walking
1310,-8196,-12204,11740,-3713,19276,13530,-18876,-1576,-2656,2079,19723,-622,-17480,-1080,2048,-1105,263,-58,-32768,-2184,-6744,857,768,250,-10760,1768,-13504,141,1300,670,-2792,-2232,5168,-958,1050,130,122,126,walking
1311,-9224,-12240,11020,-2989,20971,16741,-20184,-1404,-1212,501,22122,-1528,-18744,480,5320,-672,-26,-167,31664,-32768,15080,-1188,1692,-306,-29240,-5680,6152,1562,1476,906,-10224,-816,200,1741,483,452,127,135,walking
1312,-8568,-14796,11920,-3030,24923,23830,-23820,-2148,260,-3591,23888,-3402,-20200,2704,9936,-735,-919,-447,-32768,24920,24216,823,2619,-924,-32768,-6888,-10904,-104,2448,254,-32768,-1288,10872,-3618,-492,285,123,120,walking
1313,-8808,-16300,9188,-5171,31304,32767,-30216,-2192,-2160,-9146,23387,-5590,-28104,2864,9872,-1702,-1588,-599,1432,12000,15568,43,43,111,-13408,1160,-11672,36,2634,-95,-25528,-9968,-8608,-1790,1456,440,123,136,walking
1314,-13196,-12664,2532,-10706,32767,32767,-32044,-1476,-760,-11645,22906,-6146,-21616,9976,3728,-2073,-3016,-552,-7544,-12152,14792,-443,-865,84,-5904,6840,-13416,-1215,2101,630,-13592,-6576,-4056,1099,948,715,122,131,walking
1315,-32768,-19632,19156,-32768,32767,32767,-17804,6072,-21828,-32768,27330,-15494,-21000,8920,-6472,-3080,-2202,-182,-11008,3560,12632,6,-222,206,-22448,1904,-9152,-2654,1367,570,-7488,5696,-4704,1653,1070,849,121,132,walking
1316,-32568,-29140,26300,-32768,32767,32767,-22324,-5116,-12580,-32768,31962,-7155,-21648,3904,-17704,-3481,-2100,-1446,-11408,7720,10624,221,-144,113,-22472,-3456,-9576,-424,1188,264,-12632,16976,-8472,1181,1158,587,122,132,walking
1317,-32768,-32740,13248,-10341,10240,24875,-23396,-11640,-14512,-32768,24559,-9533,-26200,6848,-13496,-2086,-1979,-2267,-10944,8456,11040,213,-249,-22,-14128,2752,-6280,1334,862,514,-20904,15440,-5728,-1190,1542,126,121,123,walking
1318,-4732,-32768,14720,-14967,-25179,8343,-12832,-7916,-360,-14594,11762,1040,-26656,3640,-6456,-505,-2729,-1882,-10544,5840,12112,82,-136,-89,-16328,2176,-4256,1306,633,512,-20624,4384,-1352,-2131,1795,50,122,126,walking
1319,9948,-16156,4860,-8271,-20232,4695,-12524,-1664,-752,-3223,815,-4482,-24184,7416,-4560,436,-3286,-1309,-10624,5288,12064,100,-10,-47,-17856,2216,-4272,694,557,299,-16984,-2752,1160,-1741,1772,144,124,135,walking
1320,4840,-14804,5052,-10508,-24570,-8167,-5832,3672,-3604,1267,-8109,-9935,-20256,10480,-3664,102,-3021,-1445,-10600,4720,12024,128,50,10,-16856,1224,-4688,-26,469,177,-15168,-5768,-64,-972,1807,6,124,132,walking
1321,5740,-9044,4980,-17665,-23623,-13847,-6472,6444,-3348,-758,-15065,-11444,-16288,14240,-1352,-45,-2605,-1061,-10440,4920,11632,151,46,55,-16360,1248,-4248,-287,444,217,-13928,-3624,-528,94,1809,-215,125,127,walking
1322,2644,-9884,10680,-20325,-20756,-21004,-9376,9116,-2592,-790,-21116,-16567,-14784,14160,-2360,-684,-2317,-690,-10592,5896,11408,163,22,35,-15888,1248,-3592,-310,512,120,-14344,328,-160,726,1947,47,126,128,walking
1323,-336,-3252,16240,-20843,-21905,-26207,-8028,12384,-4292,-3735,-26258,-19106,-12336,12592,-3080,-1962,-1786,-558,-10528,6728,11216,85,-33,0,-15528,2264,-4160,35,448,140,-15512,2552,-720,1066,2227,143,126,130,walking
1324,-4100,-1164,24512,-23431,-24396,-27805,-9416,11968,-5044,-7782,-30824,-18715,-10760,8024,-3720,-2290,-1471,-673,-10728,5760,11512,35,-64,-29,-16232,1200,-3872,249,338,210,-17072,2968,-1088,682,2485,391,126,123,walking
1325,-4580,1416,26220,-23048,-30656,-27761,-12916,12188,-4588,-5773,-32768,-17441,-9832,3680,-5872,-1576,-1163,-694,-10408,5728,11880,22,-65,-21,-16696,1664,-3096,458,352,243,-16920,4568,-264,226,2490,271,125,129,walking
1326,-8904,3028,27668,-21773,-32768,-24529,-14204,13796,-6496,-4051,-32768,-13692,-9816,1552,-6040,-511,-1019,-494,-10352,6152,11696,17,-50,-43,-16016,3256,-2152,431,456,164,-14576,6400,1256,-463,2253,-73,125,127,walking
1327,-11676,148,28032,-19967,-32768,-22021,-14024,15884,-9424,-8045,-32768,-12041,-9744,1488,-3600,69,-985,-166,-10168,6608,11288,-27,-40,-107,-14984,4712,-2872,111,615,-12,-15344,6048,752,-1088,1928,-263,125,126,walking
1328,-12784,-692,26188,-18015,-32768,-20482,-15012,15048,-9628,-17096,-32768,-12427,-8160,2072,-1776,-32,-801,65,-10392,6424,11632,-24,-13,-191,-15696,3280,-2864,-26,726,-100,-17088,3808,-888,-1085,1681,-124,126,129,walking
1329,-13828,-4348,24476,-16057,-32768,-19727,-15308,14372,-9668,-18414,-32768,-12728,-7136,2920,-1488,-789,-361,257,-10352,5872,12216,-4,36,-229,-16656,968,-2728,140,834,-138,-19072,2664,-880,-766,1413,62,126,128,walking
1330,-17924,-6148,24752,-16089,-30965,-18946,-21312,6620,-11556,-19008,-32768,-15125,-8080,4064,-1768,-1704,159,524,-10032,5296,12696,52,153,-235,-16888,1192,-3200,236,935,-156,-17792,1392,-1000,-635,1151,23,124,128,walking
1331,-23340,-5892,24772,-15005,-32768,-16287,-21188,732,-13172,-11968,-32768,-12882,-10264,3384,-1344,-2357,631,753,-11008,5192,12440,133,362,-239,-18112,1152,-3944,255,1084,-173,-16928,-880,-32,-562,1074,51,123,129,walking
1332,-26952,-8464,22068,-14910,-32549,-13917,-22296,1164,-15644,-5674,-32768,-8241,-14656,1320,480,-2997,976,812,-11008,5528,12736,247,642,-250,-18128,848,-3416,191,1225,-294,-18176,-2768,632,-301,1104,62,123,129,walking
1333,-31004,-9708,15912,-13165,-28799,-16549,-21728,4316,-15964,-6597,-32768,-6138,-19176,-3608,4832,-3256,1022,409,-9992,6416,13488,295,945,-362,-18248,888,-4184,35,1445,-448,-18216,-1616,568,204,979,91,121,133,walking
1334,-32768,-4492,7788,-9810,-19784,-16883,-18280,732,-14908,-10544,-25491,-6592,-20000,-7504,8600,-2525,1152,155,-10856,5680,13392,442,1416,-568,-18744,576,-4408,-114,1635,-553,-18984,1368,280,652,911,-29,120,129,walking
1335,-32168,-1712,1888,-9543,-13536,-10494,-15000,172,-17380,-8402,-17795,-8808,-19656,-10640,13528,-992,842,461,-11128,8984,13560,523,1913,-896,-19296,584,-3224,-139,1818,-665,-18408,4024,784,675,798,-168,117,127,walking
1336,-32768,15232,8376,-11811,-8039,-2331,-7548,276,-14584,-12895,-5752,-3985,-18616,-15712,10448,783,275,176,-11728,5960,12752,194,2762,-994,-18744,1992,-3440,-148,2009,-758,-18384,5808,832,342,634,-246,118,129,walking
1337,-32548,12492,544,2820,-790,9848,-8100,92,-15640,-3484,3235,-1037,-16392,-8960,5904,1454,350,-310,-12256,6584,11624,199,3351,-1230,-18544,2360,-3296,-280,2271,-879,-16968,4720,2688,184,455,-294,118,125,walking
1338,-32268,512,-1352,5791,12484,13649,-9100,2312,-15160,-857,13385,3390,-16784,-3144,2944,570,177,-109,-12064,6464,10952,412,3883,-1572,-18256,2912,-2888,-153,2562,-923,-16640,2864,4792,-23,219,-307,116,132,walking
1339,-2588,-12612,9504,19089,16017,10735,-32768,-17988,32767,-20447,15326,1083,-19552,3696,-184,-87,332,237,-12856,7616,12352,832,4720,-2041,-23448,4896,-3344,136,2772,-878,-22024,3696,8136,-68,-110,-265,123,131,walking
1340,-25552,-11308,32767,5275,8521,2600,-24708,10748,-1688,30823,4761,-1043,-32768,9624,4424,1348,115,852,-8208,12136,11896,1219,5828,-3194,-32352,4848,-1168,611,2773,-742,-27624,3032,9776,-583,-1208,-158,116,131,walking
1341,-14692,-14888,30524,18086,8210,10693,-15396,2956,-14100,3892,20437,3231,-8752,3976,10488,4297,-1378,707,-14440,14512,10640,1252,7007,-5004,-30712,1936,6688,2167,2506,-397,-19336,-5832,4736,-781,-1808,-651,114,129,walking
1342,-13640,-15228,15000,11681,2035,4477,-18192,-7676,-8124,13202,16558,4532,-14152,-536,-3688,2456,839,-762,-32768,-872,6584,1325,6726,-4590,-18640,4704,-13448,1897,3368,-481,-23336,2680,5520,1214,-2366,-715,120,130,walking
1343,-6580,-14120,9804,10955,1041,2579,-16516,-2408,-7344,23503,9474,1990,-11672,14472,-15560,-640,1091,-1262,-32768,-440,10112,1373,6389,-4296,-27128,13304,-17464,1272,3611,-1460,-21824,15504,-8560,2233,-2595,-170,119,127,walking
1344,-5040,-9620,11912,8927,222,986,-12952,5404,-6508,-1559,12063,-1669,-8936,8928,-6720,-2442,1423,-290,12080,18752,24640,-1263,1621,-4774,-20480,8736,-10496,-559,2862,-1390,-23712,16480,-15072,830,-2765,812,121,131,walking
1345,-5956,-12896,9968,7082,-609,1073,-16688,-728,-5352,-17476,11060,-6317,-14416,-4464,-10360,-2850,1593,1222,-7368,19048,30160,-618,-302,-557,-19480,1896,-4872,-1684,1782,-1954,-24600,8600,-10152,-1706,-3329,662,123,129,walking
1346,-5740,-10016,11140,4618,-1030,674,-17408,-7608,-6088,-14631,7668,-5795,-18496,-12688,-11968,-1446,1738,1267,-8768,21344,16616,-1964,-879,-1294,-14608,3704,-2184,-787,690,-1636,-24400,6224,-6400,-2744,-3243,591,124,129,walking
1347,-5240,-9936,11408,2541,-405,507,-18488,-4936,-3440,-2231,4775,-461,-19952,-4232,-5448,387,1485,76,-9304,9816,15936,-2679,-1938,-780,-8464,3216,-4784,-1020,-305,-1351,-23128,5880,-4160,-2384,-3006,927,124,125,walking
1348,-5296,-10204,11204,907,336,502,-17016,-3316,-2572,974,3375,907,-19264,4208,-5200,1032,1398,203,-2096,8976,13680,-2222,-2941,-13,-8560,3752,-3008,-1229,-1181,-1674,-20872,5464,-5256,-2015,-2728,1087,123,127,walking
1349,-5280,-10596,10984,199,629,563,-15624,-3720,-2292,1761,2381,1399,-14328,1896,-1824,740,1318,421,-4312,10504,10832,-2095,-3807,458,-7160,1488,-5904,-1251,-2160,-1459,-17704,4752,-7336,-2002,-2454,1111,122,131,walking
1350,-5312,-10604,10984,-146,782,802,-15532,-1780,-2440,-131,2216,854,-12280,-424,-1312,-208,1486,575,-2472,10616,7224,-1896,-4410,1111,-8000,920,-5424,-595,-3189,-1024,-15752,4928,-8840,-2306,-2159,879,121,131,walking
1351,-5344,-10964,10672,-64,448,879,-15728,-948,-1808,-8425,3563,-522,-15096,888,-376,-1025,1794,421,-6648,13808,4472,-1688,-4486,1627,-8592,3272,-6528,-364,-3834,-829,-14480,5072,-9216,-2786,-1788,654,122,132,walking
1352,-5300,-11620,10376,735,-4,1306,-15108,-5248,-432,-11389,3854,-1096,-18624,3680,-168,-1826,1851,218,-11752,17816,3880,-1844,-4507,2433,-8032,8272,-9192,-1034,-4376,-456,-13272,4872,-8832,-3094,-1584,417,122,130,walking
1353,-5596,-11156,10856,1100,-401,2012,-15304,-5396,-948,-8804,3832,-42,-17496,3592,-672,-2600,1755,14,-15480,17712,3136,-1890,-4421,3436,-10152,11016,-10400,-2257,-4885,-328,-12504,3552,-8832,-3330,-1422,219,120,131,walking
1354,-5368,-10816,10696,1194,-668,2427,-15788,-3640,-836,-8128,5002,762,-15600,-424,-1624,-2194,1614,-157,-17912,18304,2096,-1849,-4131,3799,-10568,11088,-10976,-2504,-4937,-315,-12048,1664,-9512,-3751,-1142,99,123,128,walking
1355,-5372,-10104,10996,1272,-497,3084,-15284,-3092,-724,-7569,6099,832,-17216,-5000,-4344,-1984,1114,-150,-23280,17176,1608,-1682,-3632,4315,-15896,8320,-15352,-3883,-5283,-8,-10216,-1424,-8416,-3739,-946,50,114,127,walking
1356,-5864,-10144,11064,864,-274,3596,-15604,-2132,-1392,-6755,6739,1253,-17504,-5504,-3280,-1844,795,83,-27968,16544,3392,-1576,-3160,4288,-17536,7056,-18016,-3930,-5223,175,-9360,-4408,-5600,-2826,-639,95,121,127,walking
1357,-5220,-11688,11092,429,241,3789,-16984,-3472,-2068,-5005,7221,1608,-17824,-1976,-2472,-1686,673,82,-30512,14872,4400,-1055,-2859,4572,-17736,4984,-19072,-3823,-5250,278,-9816,-7224,-1872,-1850,-246,171,123,131,walking
1358,-6828,-11008,10876,-754,1043,3557,-17372,-2508,-2616,-3677,8033,1900,-16792,2376,-2696,-924,552,-30,-32768,9480,584,-1016,-2705,4523,-16352,1648,-20976,-2981,-5030,445,-11816,-5688,2376,-1162,-274,284,121,127,walking
1359,-6288,-9912,11568,-2355,3063,5446,-16780,-400,-1116,-4254,9474,1367,-16672,3480,1512,-180,394,64,-32768,6904,-2344,-576,-2440,4047,-17856,3704,-22464,-1576,-4468,483,-12776,-1656,5632,-309,-336,384,122,127,walking
1360,-6216,-10104,11276,-3979,3840,5890,-15372,-140,-544,-5372,11888,989,-16280,1040,5072,-278,375,-62,-32768,1016,-8048,-929,-2533,2435,-16592,5176,-24984,-1043,-3642,628,-13512,-2720,8248,203,271,742,122,130,walking
1361,-6464,-9808,11708,-5425,4816,6059,-15036,-1300,-548,-4635,14060,744,-16960,-880,5344,-1215,556,-151,-32768,-3768,-18984,-491,-2261,1206,-13232,4808,-25976,-767,-2440,610,-17936,-1720,10968,358,409,1162,120,128,walking
1362,-6000,-11660,11584,-6960,6904,6884,-17264,-2168,-400,-1674,16270,1369,-18064,-680,5368,-1670,520,-64,-32768,-6264,-25824,107,-953,728,-7176,2128,-25200,-601,-1038,597,-21200,1768,13536,809,-127,774,125,141,walking
1363,-5996,-11464,11808,-8770,10160,8888,-19108,-616,-1212,1589,18709,1388,-18968,-384,6984,-1661,297,-12,-32768,-5648,-22560,384,227,807,-6864,1008,-22752,-273,487,564,-10720,2920,20472,817,-1169,36,122,128,walking
1364,-5924,-10736,12640,-8570,16374,12099,-20772,2092,-1164,2195,21847,1067,-18856,696,6544,-1433,-208,-93,-32768,-5528,-9056,27,1065,424,-9680,-3112,-14000,-266,1256,472,1456,9448,-8504,3093,2410,-199,122,136,walking
1365,-6688,-11884,12236,-9983,21402,17253,-22100,2612,-1712,574,25528,-442,-18352,3392,7392,-1152,-842,-102,-400,-25912,23216,-839,1778,-1956,-32768,7728,17288,1289,1069,303,-17432,10656,-2400,1847,222,457,123,139,walking
1366,-8528,-15648,12024,-11701,26792,26401,-22300,2544,-1968,33,26008,-794,-23496,2280,18840,-625,-2809,150,-24816,6704,12944,-1090,4697,-3337,-28928,-10528,-1968,-1968,848,86,-32720,15040,3688,-3735,556,540,124,122,walking
1367,-8500,-24472,11808,-13431,32310,32767,-32768,3412,8320,-17158,29792,-8325,-22952,10448,9336,-2015,-2900,-16,-32768,8152,-12312,-612,594,-310,-12184,14048,-32768,-1537,2302,122,-27840,-4504,6304,-5638,728,227,123,135,walking
1368,-12900,-5740,8152,-19655,32767,32767,-30800,7720,7180,-32768,19180,-16624,-25600,9704,-608,-3616,-2962,290,-19696,12968,3472,169,1214,317,-20568,1200,-7488,-1598,2658,-3,-29512,-5432,-1544,-4778,957,222,121,156,walking
1369,-32668,-22596,25916,-32768,32767,32767,-15808,3336,-17024,-32768,32467,-1446,-24960,872,-18112,-4085,-2058,-903,-13216,6688,10152,29,-4,241,-16376,2264,-8024,-2414,1630,-213,-7104,-6248,-2328,-7,1128,951,122,127,walking
1370,-19992,-32768,24692,-23965,9153,32767,-32768,-17148,-12988,-32768,28501,-8624,-29584,3984,-16784,-3699,-1972,-2186,-11936,5624,9960,97,2,174,-14456,184,-8016,-560,1118,146,-10152,5648,-1400,1218,509,605,123,133,walking
1371,2636,-23632,19380,6082,-14564,12039,-15320,-7948,-1832,-8535,10109,3872,-29680,2712,-10808,-801,-2481,-2357,-10376,7344,11048,27,-84,76,-19152,-632,-3968,1432,865,465,-17808,13496,-2056,569,517,-162,121,130,walking
1372,-7196,-13256,8968,1631,-17315,9063,-11784,2020,-2496,3834,-1742,3959,-25096,-520,-4736,730,-3485,-1476,-11568,6024,10840,41,-15,10,-17448,4184,-5704,1786,591,419,-20784,8616,-1264,-613,666,-196,123,123,walking
1373,10212,-12260,6788,-2809,-21302,-3440,-5260,4376,-4984,-228,-10235,-1344,-21600,-120,-1688,1218,-3331,-1215,-11184,5800,11136,14,-1,-11,-15064,5800,-4104,1239,534,310,-20024,-296,1608,-862,1017,105,124,132,walking
1374,5868,-13364,7636,-1009,-20804,-14594,-3896,1208,-4632,-2702,-17660,-3956,-17952,2736,-3776,1076,-2477,-1305,-11312,5592,11280,39,37,9,-15528,4592,-3512,169,536,15,-14880,-4616,2176,-249,978,220,125,134,walking
1375,2296,-9956,6076,1630,-21277,-23272,-8708,1132,-4364,3830,-26049,-5272,-15408,7464,-5312,1081,-1957,-933,-11264,5504,11000,39,72,27,-15352,2224,-3400,-266,545,115,-13352,-2528,3688,354,732,-18,126,129,walking
1376,-2360,-856,4316,-2202,-21337,-25344,-5620,3740,-4948,8675,-30419,-3543,-14632,7808,-5504,1034,-1887,-879,-11384,5832,10376,69,58,55,-16480,1032,-3592,200,654,132,-14560,2384,3568,809,825,-64,125,129,walking
1377,-2976,-580,5048,-3527,-21462,-24768,-5448,5040,-8224,8908,-32768,-4845,-8040,7472,-6360,797,-1331,-554,-11056,6832,10376,42,-30,49,-15256,3032,-1648,758,712,46,-14616,4104,4888,683,714,132,123,123,walking
1378,-8796,-1420,6772,-6667,-21532,-21111,-6040,5636,-10232,7665,-32768,-5911,-7480,7104,-6680,802,-1303,-522,-11128,6168,10808,26,-75,21,-14856,3712,-1344,870,801,79,-16480,2880,7096,502,384,117,125,131,walking
1379,-12900,1236,5324,-8290,-16736,-20260,-6824,7956,-12848,6145,-32768,-5494,-3880,3904,-6320,947,-1017,29,-11176,6184,10864,16,-48,5,-15232,2784,-928,946,942,129,-15720,1840,7816,412,219,179,125,136,walking
1380,-16376,4028,5236,-6599,-8713,-17185,-8564,8588,-14920,1463,-32768,-5682,-4336,3384,-3232,1405,-1007,443,-10416,7304,11336,10,4,-9,-16000,3720,-800,915,1183,33,-13720,1752,8080,258,150,196,123,139,walking
1381,-20824,4272,7708,-4937,-4552,-12477,-8320,6012,-17164,-7020,-32768,-5854,-4864,3408,192,989,-867,583,-11112,5952,10720,26,120,-73,-14520,4352,-3056,413,1427,-27,-12712,1520,6112,154,72,60,123,135,walking
1382,-24496,824,8720,-470,-4982,-9147,-7836,1840,-17036,-10579,-29633,-5738,-5864,2080,1904,-171,-291,439,-11648,5304,10480,0,127,-60,-13456,3136,-4800,20,1694,-150,-11184,72,5808,375,89,-33,122,123,walking
1383,-26164,1692,5572,2369,-6502,-8818,-9908,-136,-16184,-6931,-26525,-4985,-8512,1600,2032,-1155,581,8,-11056,5864,10688,-15,111,-31,-14264,1744,-4128,123,1813,-191,-11776,-1160,7096,515,78,-56,123,132,walking
1384,-23276,4360,612,2296,-5214,-6565,-11480,-376,-14936,-1531,-23929,-3872,-10272,760,2208,-1295,1396,-372,-10272,7344,11472,28,195,-49,-16112,2232,-2904,306,1919,-137,-13064,1336,6976,920,-80,199,121,132,walking
1385,-23000,4204,-4200,3084,-1310,-2802,-11728,-1000,-14560,4942,-21413,-2927,-11392,1448,904,-700,1587,-140,-10928,6968,10784,59,346,-136,-13872,3968,-4776,285,2057,-177,-13128,3968,5096,1049,-47,325,123,124,walking
1386,-25788,4552,-2560,-1914,4155,324,-11548,52,-14040,9625,-18265,-238,-12464,2584,1320,-185,1290,494,-10968,7128,10088,33,399,-208,-13088,4120,-6784,42,2352,-218,-12008,4488,4536,749,-76,351,123,133,walking
1387,-26068,-236,660,-1998,2974,-1963,-12108,1392,-15724,8736,-14155,-850,-11992,2192,2632,105,858,784,-10712,6432,11560,115,503,-335,-14888,3096,-7504,-155,2473,-313,-11872,5424,3824,397,-160,333,121,117,walking
1388,-22868,4468,-2772,1451,3702,-3347,-10828,2072,-12928,4786,-9343,-1658,-13696,1296,3448,-76,400,581,-11712,6672,11184,244,694,-458,-15096,2608,-9728,84,2498,-270,-11792,6424,2968,-69,-253,204,123,107,walking
1389,-22184,6784,-2540,1046,6556,-1128,-12120,824,-12040,2539,-5449,-2364,-15560,480,2912,-228,463,286,-11472,5360,12048,338,805,-652,-13800,2040,-9440,363,2687,-325,-12440,6368,2592,34,-373,-81,125,138,walking
1390,-21960,4800,244,873,6338,1490,-12896,-196,-10988,2203,-2180,-1908,-14096,1888,1984,-23,1114,217,-11120,6728,9656,314,967,-626,-10008,2032,-12968,451,2629,-480,-14360,5096,-3944,82,-294,-80,127,116,walking
1391,-19820,5272,-568,-773,6987,5337,-13468,448,-9588,2094,739,-1292,-14384,1488,1992,90,1486,458,-12968,5008,8176,159,722,-634,-6504,3120,-14624,193,2556,-580,-13120,3608,-1768,112,29,68,122,123,going_down
1392,-19716,3480,700,-1760,8368,8305,-14092,1704,-9152,-35,3476,-1582,-16200,440,2184,-20,1273,644,-12312,5856,8352,68,487,-606,-9288,2048,-13536,291,2360,-524,-13896,4160,-392,472,238,101,126,126,going_down
1393,-20924,1668,2352,-1990,7864,9199,-15268,2160,-8696,-2546,5857,-1776,-16704,1760,2536,83,1171,580,-13352,8464,9328,44,377,-761,-11832,3288,-15256,426,2277,-422,-14448,4648,4536,345,398,141,124,118,going_down
1394,-18516,4864,-284,-4617,10409,13233,-16460,3572,-6696,-4287,8124,-1802,-16376,5880,1856,178,1290,353,-13608,9720,12496,150,785,-1281,-20248,1224,-15152,668,2386,-255,-18400,4336,10992,-363,373,117,120,127,going_down
1395,-21744,-22984,13536,-21428,-4237,4407,-16452,6672,-20584,-6907,9245,-513,-19616,10280,6784,-220,811,381,-15520,7136,15904,463,1847,-2105,-26016,-1088,-16072,967,2820,88,-20696,-2120,15624,-1083,-98,2,112,135,going_down
1396,32767,31360,-32768,13704,-14530,-7597,-20284,-7032,288,-17902,18235,-2562,-23352,8704,12296,-1033,363,387,-12288,11024,22560,1383,3974,-3623,-32768,-2528,-14216,1440,3335,406,-21984,-6376,18632,-550,-974,-350,117,127,going_down
1397,-14072,-22808,23860,6779,-32768,-26185,-17272,-8952,-1940,-19314,20049,-5803,-23240,2328,3216,-633,1725,515,-9016,7952,20112,1195,5960,-5329,-31480,-152,-15000,1786,3224,497,-26080,-2728,13024,714,-1840,-1040,110,128,going_down
1398,-10528,-11696,15008,5432,-23785,-17180,-19100,840,10384,15397,10460,382,-23952,2712,4752,-1617,965,258,-1240,9360,15968,481,8114,-6762,-25448,-712,-3616,2311,2199,264,-27720,2856,6096,1534,-2190,-1146,141,124,going_down
1399,-10132,-13996,11432,9663,-17904,-15427,-18816,-10812,-3604,6542,12055,-5323,-22352,-12704,2648,-1343,564,-536,-11040,-2432,5656,-914,7456,-6411,-13144,1760,2568,2083,782,415,-30680,8688,-1256,1639,-2004,-706,120,123,going_down
1400,-8388,-12688,10724,10056,-17229,-15238,-19880,-9172,-3084,8606,12078,7138,-15912,-12176,-4560,-659,560,-1249,-32768,8048,5176,-417,6249,-3259,2832,576,-26120,498,1085,-200,-25904,10312,-4288,981,-1782,-131,121,126,going_down
1401,-7304,-13324,10372,11285,-17104,-15211,-17236,-3536,512,6175,10077,3507,-18456,-4656,1664,-254,-63,-517,32767,-6928,32767,-2501,-1652,4359,-992,6128,10456,1053,488,-1767,-18800,8120,3304,-15,-2084,127,118,126,going_down
1402,3000,-6104,15856,2386,-2825,-2382,-32768,14792,4844,-2481,6750,-5455,-32768,-12488,6936,1640,-1329,305,-32768,9728,7944,-1249,-1003,1368,-6248,5912,5560,-988,-1769,-208,-25120,14808,-2296,-589,-1658,739,119,126,going_down
1403,-7096,-5032,12864,-3224,2570,819,-17540,1076,-7960,-12493,19233,1243,-18992,3384,-5936,2504,-994,720,13976,8200,15136,-767,-3094,-130,-1488,1760,192,-1745,-2958,-344,-21728,4024,-3136,-1842,-1258,1038,122,129,going_down
1404,-6156,-10064,11084,-3359,2447,468,-9892,-16288,-10308,6777,10974,4317,-11464,6928,-7128,967,444,97,416,9872,6728,166,-2992,318,-4384,-1312,-1984,-1223,-4043,340,-15480,-1112,-4472,-2133,-1039,459,125,129,going_down
1405,-6044,-10684,10812,-809,1045,95,-11568,-7928,-8416,18365,4019,5345,-11280,7864,-3096,-180,928,-180,808,11080,5008,85,-2666,520,-9256,-520,-3808,-585,-4606,731,-11408,-1696,-4488,-2216,-542,52,126,130,going_down
1406,-5876,-9468,11440,-2,150,-313,-12900,6496,-7336,11365,3179,5784,-15296,1584,-1128,-890,1471,-60,-6624,12488,4792,-168,-2110,1009,-5872,328,-7408,-706,-4883,759,-7136,-3432,-5752,-1943,-178,-224,124,128,going_down
1407,-5616,-9276,11680,380,-82,-171,-18060,3968,-6716,-2526,7011,3603,-17040,-5192,128,-599,1516,171,-14608,8352,4680,-615,-1648,1737,-8544,1496,-8824,-479,-5471,1189,-5192,-3288,-6352,-1699,122,-99,125,127,going_down
1408,-4992,-9696,12688,287,-162,175,-14420,2384,-5192,-7622,8233,-811,-14960,-6192,672,631,819,441,-15320,5040,4848,-308,-1182,1820,-12216,1720,-11376,-733,-5664,1709,-5728,-2896,-5144,-1174,414,171,125,129,going_down
1409,-4996,-9576,11872,-215,360,119,-15708,-1936,-3460,-5697,9796,-362,-17200,-360,4848,1821,176,214,-24272,2376,56,-536,-409,2041,-12480,896,-15568,-1678,-5357,2002,-6888,-5376,-4624,-182,762,-44,123,127,going_down
1410,-5288,-10552,11548,-168,783,564,-14732,-3932,-2044,541,10620,1782,-14752,2672,7048,1945,-129,334,-29536,-7320,-2672,289,-261,2305,-10960,864,-19560,-2235,-5695,1387,-6848,-5960,-4648,139,859,-121,122,127,going_down
1411,-5704,-10036,11660,-167,1072,1233,-13188,-2572,-3876,5813,11126,3523,-12152,2800,6832,895,90,341,-30000,-10360,-7584,1182,-561,1752,-12072,856,-20280,-2046,-4888,1212,-7680,-3848,600,2570,1299,-247,119,126,going_down
1412,-5744,-9396,11556,-35,1118,1732,-13760,284,-5296,6734,12529,3554,-9968,3432,4512,107,262,95,-32768,-7336,-13104,1280,-637,1519,-15728,-4192,-21816,-1534,-4651,840,-9072,2088,3024,3037,1348,-32,121,127,going_down
1413,-5972,-8620,11764,171,810,2101,-12540,2500,-7224,3644,14694,2419,-8936,6032,2224,-488,507,-334,-29504,-12288,-16824,765,-685,1851,-18936,-8984,-20712,498,-4018,708,-11608,4760,4976,2348,1492,586,121,132,going_down
1414,-7076,-8852,11124,-613,613,2751,-11912,316,-10228,-878,16367,427,-12088,5400,6064,-950,771,-349,-25408,-15936,-18976,667,-276,1604,-16744,-1680,-18232,2490,-3187,789,-16048,7752,4912,1060,1609,865,125,133,going_down
1415,-6404,-12156,10696,-3136,1281,5438,-15812,-396,-4756,-4299,18630,-672,-14448,-72,2184,-1562,524,-118,-25816,-9600,-21560,609,28,859,-14016,5888,-15376,1916,-2346,771,-17864,6800,5928,502,1951,584,124,134,going_down
1416,-5536,-12828,11756,-5583,4194,10259,-15460,-4,-8552,-5115,20222,-2187,-13312,-2680,3384,-1050,28,276,-22824,-8936,-22616,310,78,664,-11584,5696,-12680,219,-1094,406,-17536,4976,8824,748,1632,22,142,139,going_down
1417,-5980,-10836,12912,-8813,6782,11924,-15740,-480,-10648,-6109,22594,-997,-14536,-7056,1088,-915,-100,383,-21392,-9344,-22600,310,85,673,-12344,1920,-9936,-911,331,117,-15800,4296,12128,203,1012,-462,113,129,going_down
1418,-6156,-10300,12528,-8619,10563,12540,-15164,512,-11752,-3102,23574,557,-14544,-4208,304,-433,-257,113,-13664,-9696,-17168,295,1537,24,-12608,-1176,-8632,-1060,1089,-108,-15960,5328,10416,-582,874,-291,121,141,going_down
1419,-6756,-11436,13476,-6040,16623,13438,-14816,912,-12556,-1308,24552,1833,-14992,-3736,-448,-271,-232,87,-24600,32767,-3320,-146,387,-1129,-12408,-4648,-12016,-918,1765,-305,-17224,5408,8632,-682,1055,-27,129,125,going_down
1420,-9816,-13468,12600,-5587,21470,20620,-23192,1784,-10124,-975,27093,650,-15944,1376,11448,612,-766,305,32767,-14504,-32768,-2827,-8536,5501,-17600,13688,1424,1657,2949,-874,-15304,568,14680,-1558,-210,-408,125,121,going_down
1421,-7544,-19144,18128,-520,29159,32427,-32768,3772,-11520,-3185,31625,-4096,-21032,704,13448,579,-1888,431,-25632,-18568,1048,-1162,-6950,2849,-28344,3112,9832,-1336,2656,224,-19200,-1064,-2408,-1289,1041,420,123,120,going_down
1422,-2448,-18212,18900,11622,32767,32767,-32768,6836,-9264,-8624,32767,-4527,-30232,3704,11040,344,-2905,246,-5472,15664,22776,-1654,-5979,2182,-30776,-3952,15248,-273,2501,-924,-31408,-13456,5088,336,263,-247,129,133,going_down
1423,-676,-14976,16616,11065,32767,32767,-27140,7144,2992,-18968,25388,-4323,-30120,5696,1984,-208,-3529,-244,768,21608,21192,-1385,-6207,2406,-18840,13640,-11672,-781,1646,557,-21808,7456,4864,2040,-607,403,126,118,going_down
1424,-19896,-19468,19836,90,32767,32767,6284,-9284,-24120,-8303,28954,-8964,-29112,2960,-7056,-949,-3065,-506,-13352,5864,9568,-829,-2939,660,-18648,1568,-12152,-922,2336,-553,-11064,12392,-6120,1803,115,990,125,163,going_down
1425,4396,-11948,19368,4004,32767,23104,10496,1352,-32768,-3753,20851,2196,-24632,2792,-2816,-737,-2127,-928,-8600,12064,16896,-1097,-2085,242,-20528,4336,-3360,744,1755,-18,-19608,13552,-1360,219,-296,-221,124,139,going_down
1426,32767,-15892,13192,7489,-11416,-14499,-11676,-14912,15728,-2557,-1361,10884,-27056,-1336,3168,-864,-2485,-1296,-496,-640,20800,-402,-907,69,-32768,-1368,-808,688,1300,-10,-32768,11608,14176,-2323,-738,-455,121,119,going_down
1427,-680,-18880,7212,-1848,-17260,-3059,-8588,7636,868,20465,-17691,8887,-32768,-2672,-4192,-232,-1873,-1085,-9360,5456,14112,100,432,-61,-23992,-248,-7256,1388,1290,-396,-22064,-2232,600,-2482,288,-395,121,144,going_down
1428,18068,-26348,-2136,7070,-18741,-19042,-4696,7188,-904,20101,-19920,8440,-26416,3656,-4320,163,-1544,-1088,-7776,5736,13744,104,419,-81,-10312,11816,-7872,594,1391,-278,-16752,2824,-1352,-879,535,179,118,131,going_down
1429,8796,-11148,1536,668,-18915,-26819,-7252,-1924,-2312,-3986,-32768,970,-16304,4352,-4656,369,-1117,-626,-12088,7344,8576,-11,463,-373,-8240,11088,-14432,-1126,1596,-287,-12872,704,-6152,788,753,565,120,126,going_down
1430,-2992,-8928,6348,638,-22938,-24495,-10212,-1668,-4240,3509,-32768,-854,-10320,3016,-3848,625,-991,-161,-11784,4640,10400,-51,219,-275,-13472,-1520,-10816,-499,752,-631,-13912,3584,-2264,1372,837,653,119,129,going_down
1431,-2868,-5056,3716,-1288,-22601,-15199,-7924,3308,-7656,720,-32768,-1493,-6288,3880,-4984,1052,-560,202,-11440,5312,11240,-13,185,-216,-14872,-1624,-9976,-323,713,-686,-17184,9688,896,624,921,393,120,131,going_down
1432,-5864,-10992,3400,-2157,-13340,-9125,-10596,4768,-9604,-5579,-32768,-6984,-4472,5064,-5976,1521,-262,377,-11208,5728,11520,64,293,-278,-15000,184,-6336,1399,444,-157,-16632,8296,4016,-1569,837,-15,121,131,going_down
1433,-15776,-17656,6520,-2356,-4497,-16070,-11176,4284,-15416,-5593,-32768,-11548,-2976,7184,-7088,1530,162,625,-11104,7008,11712,201,490,-406,-15080,4936,-2904,1048,1083,-103,-18376,-488,6048,-2753,550,-18,121,130,going_down
1434,-24536,-5964,11632,1723,790,-26273,-10072,2212,-21948,-7718,-32768,-12626,-2448,8592,-3288,636,603,898,-11032,7048,11496,220,695,-590,-14480,5192,-4128,160,1519,-309,-15248,-5832,8664,-1731,30,-67,115,130,going_down
1435,-32768,9632,13340,-3831,-5575,-11263,-13604,448,-20704,-8413,-32768,-11568,-2872,7088,1176,403,898,992,-10832,5936,10856,242,854,-701,-13464,1584,-6800,-93,1636,-260,-11448,-6744,8864,-144,-66,65,115,132,going_down
1436,-32768,11600,13196,-5901,-6920,-8105,-12680,-28,-22436,-1374,-32768,-7262,-4432,5264,2648,-1034,1355,642,-12224,5256,10952,335,977,-785,-14976,-600,-6816,513,1835,-196,-9600,-7432,6944,1090,-162,21,117,121,going_down
1437,-32236,-2356,2500,-6351,-11672,-8425,-13856,2424,-20856,4036,-32768,-3390,-8416,3008,3872,-2134,1845,175,-10736,6736,11208,375,1138,-909,-14264,304,-6384,1026,2080,-117,-11400,-4384,2696,2327,-337,-82,118,121,going_down
1438,-31164,8460,-3624,6342,1470,-12082,-14708,3480,-19408,6693,-25728,-1548,-13400,-544,4960,-2256,2248,-215,-12608,4936,8312,293,1053,-964,-8488,1136,-11160,992,2115,-13,-11832,-1216,-568,2406,-367,-239,118,130,going_down
1439,-32768,15600,-5104,5793,7461,-4789,-12684,920,-17732,5079,-18503,443,-16312,-3200,4232,-1215,2538,-356,-14088,3464,7544,344,916,-945,-8512,2024,-12096,805,2332,43,-12120,3728,968,2498,-213,-233,119,120,going_down
1440,-32768,10512,-3328,2951,3572,1171,-10804,-1812,-17976,5616,-12750,-108,-16920,-4288,3792,-324,2205,32,-13240,5304,9616,422,993,-1097,-13288,1920,-9976,898,2353,-13,-11552,8576,1216,2122,-321,-280,119,111,going_down
1441,-27012,8448,-6944,1102,2246,1842,-11716,976,-14396,6704,-6028,573,-15800,-3688,4000,387,1700,617,-11336,7024,10184,395,1161,-1199,-11424,2144,-10976,967,2432,-236,-11712,10288,72,1240,-390,-300,118,119,going_down
1442,-25920,8056,-6856,1031,2549,1945,-13776,3044,-10984,3896,260,209,-14784,-2016,6592,576,1115,1074,-15400,3240,6968,322,1081,-1408,-6944,2512,-15768,915,2488,-233,-11984,8688,1368,579,-238,-396,120,130,going_down
1443,-20928,8456,-5576,761,11930,6975,-13640,2756,-8568,-245,4600,-1059,-15768,-128,5608,425,961,1104,-13104,6296,10032,463,1238,-1598,-13248,1120,-13560,1013,2584,-401,-12944,6248,5112,18,-30,-437,120,135,going_down
1444,-21644,-1072,-992,-10814,5866,3975,-13920,3164,-11896,-2340,7818,-50,-18472,3568,3440,211,957,867,-15152,5856,12192,541,1782,-2056,-17856,448,-12432,1202,2650,-504,-15056,4592,6400,-342,-29,-224,112,121,going_down
1445,-22592,22196,-10096,6762,-32768,-32768,-24492,-2016,-4596,-12410,19212,3073,-32768,6800,28600,-967,-1494,673,-17368,5368,11704,444,2572,-2915,-18856,1536,-19280,1110,2761,-348,-19504,2408,10480,-525,-455,-218,122,131,going_down
1446,28388,-10352,4356,-4598,-32768,-32768,-32768,1684,22960,-8568,21813,2112,-20264,3488,-5872,2379,870,436,-12568,8248,16528,519,3889,-4155,-31576,504,-16520,975,3061,-220,-26912,4216,13768,-271,-902,-405,113,133,going_down
1447,560,-14264,20924,6091,-21212,-15661,-28340,-1120,17844,10207,10514,900,-27712,19080,-1688,59,694,750,-5568,12000,19192,-415,5938,-6264,-31328,1712,-9456,1421,2367,-182,-29056,4336,12864,-120,-1708,-450,122,130,going_down
1448,-13644,-3504,12680,6464,-22659,-16781,-19712,-16240,-5088,16643,10937,-5083,-22728,-3632,9232,-924,258,-716,-7728,-1224,16456,-1181,6605,-6784,-17024,3824,-2392,1044,440,36,-31480,6008,2744,49,-1989,-454,127,127,going_down
1449,-11412,-10688,8672,9756,-18625,-16479,-19032,-6648,-8092,18424,13031,10143,-16096,-15016,-8320,-1323,1930,-1643,-32768,-2792,-880,-448,6257,-4596,-2208,-3560,-19800,160,1394,-476,-25256,3120,-4208,-48,-1979,-221,118,123,going_down
1450,1776,-17260,9836,16234,-13896,-14473,-20912,-9080,-820,16684,7680,3949,-19464,-7432,-2528,-116,486,-426,-32768,-8168,3368,-867,3344,-1971,5368,-488,-22008,738,1251,-959,-22240,1352,1608,67,-1842,15,127,122,going_down
1451,-6564,6956,15648,4676,-4211,-6514,-32768,23936,-2388,197,3323,-7648,-32768,-8176,3712,2292,-574,307,32767,19576,26408,192,-773,3783,-5880,5800,4608,1391,53,-1107,-29128,9560,2664,46,-1749,367,127,127,going_down
1452,-6676,-3452,13272,-3755,2467,249,-16040,10000,-8336,-17704,18795,-527,-16824,10672,-976,3496,-626,859,-31632,17376,4400,-3408,1892,2037,-8720,4272,1104,-886,-1780,570,-28920,6376,-2816,-1172,-1508,849,117,126,going_down
1453,-4872,-11620,11368,-4872,3289,1177,-13072,-17964,-5000,-7251,11069,-1710,-11656,8536,-3488,1055,481,193,10448,8976,18264,-1516,-1298,2720,776,11216,-3464,-1446,-2663,-73,-20176,-1264,-304,-1474,-1203,1014,123,125,going_down
1454,-5716,-11688,10940,-1211,2439,1840,-13940,-11396,-7568,11452,4120,981,-14176,3312,-4880,-1045,1033,-341,-4936,96,12208,-233,-2402,526,-5312,6064,-2568,-3014,-3847,827,-13504,-3008,-968,-1359,-985,587,123,129,going_down
1455,-5704,-8912,11748,300,885,484,-10632,3364,-9068,10400,2981,5752,-13824,920,-3640,-1445,1526,-152,-7112,6128,9512,538,-2999,511,-10440,-4264,-6064,-3321,-4503,1429,-9648,-3736,-2288,-1176,-758,161,121,129,going_down
1456,-5300,-9076,11820,565,293,-441,-17552,3288,-6432,1437,5848,5122,-12624,-936,-1872,-1445,1419,-71,-7112,8296,5384,241,-2908,932,-11472,-7984,-6536,-1574,-4388,869,-7424,-3600,-4136,-770,-462,-177,123,131,going_down
1457,-5344,-10328,12192,320,134,-118,-14912,4796,-4560,-1948,6862,-334,-17888,-3952,224,-161,695,551,-9200,6280,4112,134,-2205,1480,-10848,-5736,-7552,-343,-4664,1123,-7256,-2216,-4440,-622,-135,-160,124,131,going_down
1458,-4836,-9444,11876,-47,558,369,-13796,4316,-4576,-2640,7379,-727,-18576,-3936,3160,1104,391,122,-15656,3368,8480,-196,-1466,2245,-8416,-2400,-9664,39,-5223,1709,-6832,-2912,-5472,-486,142,-52,125,133,going_down
1459,-5100,-9876,11708,-286,749,716,-16268,-2704,-2156,-4297,8983,-281,-15632,640,3080,1882,-374,68,-17112,-3464,10312,191,-1417,2665,-9384,-1440,-11136,-92,-5454,1987,-6568,-4392,-5744,343,355,-178,125,131,going_down
1460,-4392,-10144,12104,-33,893,1019,-13708,-2912,-4348,2430,9815,2667,-13632,1880,4104,1157,-549,205,-27088,-12064,6440,1546,-1633,2477,-12912,-2792,-15248,-254,-5835,1729,-6080,-3032,-2656,1068,690,-495,122,128,going_down
1461,-5716,-9040,11824,-222,726,875,-13176,-1040,-6356,6817,10229,3959,-10528,3656,6072,347,-117,119,-32768,-8024,-208,2080,-3172,2060,-9536,-2520,-21448,-204,-5361,1753,-5584,1184,-2808,1526,1014,-358,111,128,going_down
1462,-5848,-10600,11364,-296,938,1553,-14324,1424,-5664,5220,12316,3047,-11824,5136,7800,-67,222,-230,-23008,-10592,-12968,1769,-2804,2207,-14576,-2232,-17528,-257,-4709,1624,-7400,4368,-192,2772,1491,-33,133,125,going_down
1463,-5832,-10260,11364,-1207,1046,3519,-14900,2548,-5192,-409,15488,473,-13040,4824,3064,-516,294,-476,-23672,-11296,-18904,970,-224,2174,-20344,-4416,-20976,-765,-4526,1154,-11528,4904,3904,2177,1267,429,133,124,going_down
1464,-5568,-9240,11948,-1121,1940,5111,-11388,772,-10084,-3520,16578,-591,-13920,3528,1904,-1133,408,-270,-32768,-14192,-19024,690,1200,1563,-17192,-1808,-23392,82,-3526,448,-16544,7296,7736,817,1177,760,134,131,going_down
1465,-6952,-9232,11544,-4066,2137,6625,-13996,-8,-9540,-4405,17893,-563,-12912,-792,5584,-1035,296,-19,-32768,-11840,-20792,164,791,979,-12200,3672,-19000,258,-2190,184,-19272,7184,10920,140,1196,431,117,134,going_down
1466,-4760,-12552,12276,-7823,5502,10343,-19036,716,-4244,-4707,20459,-527,-12600,-4760,1872,-1166,19,194,-25712,-8328,-21424,-1213,34,-276,-11920,5064,-15136,-709,-1036,137,-16960,4576,9736,-337,1540,143,118,138,going_down
1467,-5732,-9944,12416,-5852,8404,10942,-11448,572,-12948,-4017,21890,170,-13408,-3344,-1160,-861,-253,343,-17776,-9192,-21232,-1563,533,-413,-14296,1096,-11952,-1627,36,-216,-15608,4208,10912,-629,1455,-74,127,139,going_down
1468,-9804,-8368,11452,-7310,10108,11561,-12392,-1052,-13752,-2242,22031,2107,-14512,-4328,3272,-168,106,297,-10320,-8768,-17632,-1419,1634,-389,-13000,-256,-7648,-1501,1024,-547,-15168,5272,9904,-1153,1226,22,136,136,going_down
1469,-9328,-16056,12856,-6990,20197,17953,-27596,684,-7032,-550,25057,1397,-19320,-5384,11544,622,-578,339,-32768,16904,32767,1202,-687,-725,-8624,-1232,-32768,-2511,1335,-524,-10792,200,8048,-1713,939,-48,122,127,going_down
1470,-7204,-17236,15420,551,26099,28616,-27680,4788,-13252,-3035,30727,-1951,-19144,1680,11760,927,-1824,220,-32768,32767,32767,2454,-2351,1974,-20848,9648,-6344,-335,3754,-8,-15536,-5608,5992,-1591,578,18,124,151,going_down
1471,-8200,-16868,18420,8347,32767,32767,-32768,5584,-12968,-6705,32767,-4355,-23840,7160,10328,905,-2649,235,12088,27456,28600,-2116,-6060,3302,-32768,-552,10848,-2164,2674,-765,-31896,-12008,1448,-1009,412,-171,120,133,going_down
1472,-216,-17572,16900,14608,32767,32767,-32768,7152,-1572,-15855,31763,-3803,-29864,4784,6288,107,-3391,-9,-15576,20192,13152,-1223,-4703,1244,-24880,9752,2240,-520,1808,27,-29744,-10304,16368,1261,-651,-285,129,124,going_down
1473,2820,-6888,13776,18158,32767,32767,-28684,3888,8544,-22893,7796,-2119,-29240,3008,-3056,-893,-3477,-435,-1080,18728,18952,-629,-1842,480,-28096,10816,-1232,-256,2023,469,-25824,11128,3336,2842,-157,482,125,139,going_down
1474,-26380,-28280,23576,7367,32767,32767,-2392,-1992,-32768,-3501,18377,-1751,-30000,1576,-9184,-1248,-2351,-797,-13880,6432,11968,-317,-825,-171,-22376,-3992,-10856,298,1937,256,-17280,12648,-3560,1392,-325,355,122,127,going_down
1475,-26720,-32768,32767,-7963,14510,-14965,860,-3316,11764,-7275,7698,15007,-30720,-1176,2872,-714,-2279,-1559,-14368,3032,7120,-428,-957,80,-10152,-1552,-15232,2217,1358,370,-10784,8728,-13016,963,21,-184,124,123,going_down
1476,-27700,-3844,32767,3911,945,-6300,-15244,-3700,7096,18383,-14297,9926,-28680,-1256,-3304,181,-2235,-1698,-13792,5248,7408,-510,-1628,334,-6600,15008,-16912,2142,764,-220,-11648,10792,-10856,1224,465,-255,123,125,going_down
1477,21036,-6004,13008,7012,-19222,-13636,840,2716,-1508,17354,-26151,4769,-21400,6496,-4096,273,-1810,-1068,-18352,6408,15040,-141,-1401,-14,-24816,11440,-3136,141,336,-375,-28696,19600,10304,-647,-198,-99,122,128,going_down
1478,20044,-13488,5408,9727,-18828,-14844,3788,4000,-2348,999,-32768,3903,-15072,5408,-5088,-214,-1299,-812,-6912,8536,15456,-20,-287,-236,-30416,-7072,-3536,-635,326,-590,-28424,7696,400,-3901,1062,88,122,131,going_down
1479,7024,-10200,312,2606,-17214,-17490,-9432,-768,-2372,-3020,-32768,-2227,-12008,4592,-6360,-471,-787,-354,-10568,5616,12216,74,154,-217,-17992,952,-6512,493,690,-614,-27008,960,88,-4257,1159,98,121,141,going_down
1480,-304,-11356,1248,4890,-12390,-15709,-9792,-588,-3028,-2164,-32768,-3056,-10104,2040,-5840,-162,-330,107,-10904,6992,10536,59,211,-128,-9608,7432,-5360,32,1163,-191,-12072,-7424,3384,-956,1075,907,123,133,going_down
1481,-13836,-13228,5808,785,-7540,-16821,-7096,1684,-11128,-1382,-32768,-5617,-6016,1264,-6368,720,146,480,-10928,6664,10552,12,212,-279,-10416,4128,-6528,-695,662,-212,-8792,-3736,4448,637,577,535,121,136,going_down
1482,-14032,-12748,9732,-456,-8645,-24854,-10904,1168,-16376,-2295,-32768,-8251,-2520,2616,-7656,2167,395,494,-11304,5752,10408,18,133,-237,-16776,-2016,-6960,26,613,-273,-12152,688,4688,977,368,100,121,124,going_down
1483,-23384,-916,7632,2105,-5634,-20796,-11764,872,-17440,-1543,-32768,-9534,-2600,4312,-6112,2666,677,600,-11384,5344,10752,48,123,-222,-15352,48,-4808,1187,757,-189,-14800,5600,7288,332,411,-441,121,129,going_down
1484,-31660,5752,10724,-5487,-6507,-12000,-13880,636,-20448,1404,-32768,-7336,-3992,6200,-2384,2534,865,664,-10736,6936,11448,72,210,-225,-14848,4648,-408,1100,1205,-114,-16224,4336,7808,-641,550,-300,123,123,going_down
1485,-32768,212,10100,-10178,-12206,-5678,-13468,2088,-21220,938,-32768,-4458,-6448,7560,1512,883,1190,593,-10688,7208,11448,73,387,-296,-13272,5616,-5360,363,1605,-234,-15368,-496,5808,-368,263,142,124,130,going_down
1486,-32768,-4276,5588,-7402,-11336,-9804,-15680,2232,-18672,1138,-32768,-3019,-9712,7776,3256,-528,1718,577,-11728,5344,10496,79,460,-360,-12200,2584,-7456,-69,1826,-340,-11952,-2400,7432,65,158,479,122,125,going_down
1487,-32768,-1656,2520,-97,-6763,-15211,-19292,1740,-18144,836,-31565,-4031,-12776,6032,5776,-1531,2380,331,-11400,6912,10528,135,435,-386,-13040,1488,-7704,135,2015,-404,-8368,-2264,5928,1139,-56,342,123,142,going_down
1488,-32768,8156,-4064,3066,-852,-9679,-17316,-1372,-14676,68,-24880,-2742,-15744,3784,6088,-1443,2775,-59,-10664,8056,11864,221,533,-560,-14600,1904,-7920,575,2150,-232,-8480,-424,4832,1545,-359,-88,121,124,going_down
1489,-32768,8140,-4556,486,2713,-1427,-15480,-3384,-15244,3666,-19070,-3044,-18888,752,7416,-849,2675,-184,-11408,7096,10848,333,761,-814,-13544,3160,-10224,735,2397,-241,-12520,4344,3880,1873,-602,-271,121,121,going_down
1490,-31488,8116,-5120,-858,403,19,-12480,512,-13424,6758,-11517,-1893,-19240,-1080,9544,-808,1931,139,-11928,5296,11248,461,1005,-1090,-12568,2664,-11392,669,2588,-257,-14136,5712,2536,1557,-472,-216,123,127,going_down
1491,-24176,14148,-5012,-2472,1143,1095,-11528,5256,-11192,1486,-2811,-1204,-16704,-1992,10008,-556,1025,437,-12160,5128,11432,410,1233,-1300,-12400,-128,-12704,726,2633,-362,-14592,6520,1952,1097,-337,-122,123,121,going_down
1492,-22736,12664,-3020,1913,4087,5315,-11248,4144,-9980,-4095,4154,-3481,-15128,-2808,8184,-64,496,262,-14648,2344,11168,436,1480,-1426,-13072,480,-13600,794,2657,-417,-13376,8728,3304,601,-409,-177,122,139,going_down
1493,-19824,14332,-4916,-46,9009,10397,-11212,4352,-8148,-5463,9928,-2037,-16400,40,2800,-125,555,-84,-12864,5336,12624,491,2080,-1729,-16472,-360,-13096,769,2787,-570,-13520,7096,4024,-277,-627,-274,137,136,going_down
1494,-19956,13720,-4576,-873,9964,11394,-14124,5088,-14604,-7690,14211,540,-16800,2928,3032,-587,514,-57,-14200,4736,12360,538,2724,-2172,-15880,-112,-13280,753,2897,-601,-14792,2320,5904,-675,-573,-316,122,127,going_down
1495,-10512,-12548,-4904,-22687,-8679,3176,-25660,-8084,3596,-15946,22638,1854,-22888,808,19640,-1866,-2298,-264,-15392,5064,12072,614,3480,-2703,-17520,432,-17784,613,3071,-406,-18664,-1752,7872,-325,-611,-541,113,130,going_down
1496,32767,24084,-32768,-2425,-6038,-8500,-32768,-800,12524,8403,17650,6218,-22984,6760,-4344,489,1188,507,-13064,6904,13864,735,4439,-3568,-26008,-528,-17424,753,2956,-238,-25816,2248,11400,76,-915,-738,138,127,going_down
1497,-1816,-4900,20128,556,-17042,-14408,-22284,6824,10408,19396,13845,2941,-27720,16432,2520,-458,88,233,-7576,10512,14408,470,6689,-5199,-28544,-880,-10728,1502,2453,-172,-29104,4136,10696,175,-1489,-683,111,127,going_down
1498,-8700,-14888,13076,1371,-19694,-16140,-21992,-7928,-4920,3940,13685,-5126,-22808,-5808,6424,-831,173,-475,-4432,1040,9064,-647,6304,-5981,-19744,1472,-4992,1531,1307,-24,-30880,4688,4656,307,-1672,-438,125,128,going_down
1499,-11112,-12660,8212,5021,-14207,-15435,-20092,-9580,-9660,11084,12700,5114,-13872,-12344,-11776,-1014,1328,-1358,-30808,1344,-2544,-857,6737,-5722,-1744,4496,-18584,511,1145,235,-26288,3840,-2496,253,-1836,-167,117,124,going_down
1500,-6396,-17240,9116,14454,-18778,-15925,-12132,-9044,-5036,9008,9217,4664,-11640,-6312,-14768,-110,750,-323,-32768,-5320,-8456,-1180,4624,-2919,6776,-528,-27784,-215,1273,-772,-20752,1808,-1608,208,-1786,11,120,124,going_down
1501,-12496,-15612,13776,17863,-11170,-11365,-22544,-1260,-8976,820,-29,-4763,-32768,-5208,3608,671,56,822,-32768,-232,12256,173,-331,2007,960,400,-5424,407,964,-821,-21728,4216,3632,183,-1748,49,121,127,going_down
1502,7352,-8284,16556,1283,-1782,-2340,-32768,26576,-8136,-4507,5311,-882,-32768,-776,-1048,3156,-77,751,32767,32767,18064,-1634,-2175,3776,-19480,7496,8920,244,-1135,-3,-30776,9648,400,-457,-1590,311,124,125,going_down
1503,2656,-11116,16320,944,-437,135,-13952,-1500,-8344,-12791,11041,1894,-15752,13104,-1328,3177,-41,456,-5400,4448,13504,-1328,-1028,2110,1096,4488,-640,-526,-2117,228,-26000,2832,-1640,-1069,-1169,712,118,127,going_down
1504,-5812,-12200,10972,-4788,2719,83,-12060,-15988,-3224,1658,4010,-810,-12760,5576,-720,498,1424,-98,10848,5752,18712,-1173,-1189,2580,-2232,10848,888,-1398,-3472,417,-23872,1856,-872,-1127,-1133,746,123,127,going_down
1505,-5556,-11592,10996,-1191,1983,1396,-14172,-7572,-3796,12750,17,3432,-13872,-1496,-1144,-914,1538,-139,-2632,3328,12096,-494,-2424,456,-8072,2824,-3592,-2834,-4537,1482,-15720,-232,-1840,-1343,-780,519,119,132,going_down
1506,-5416,-9680,11660,442,907,1630,-11904,5616,-5948,5800,1228,4700,-13176,-3088,-1688,-1055,1400,308,-9008,3768,9848,86,-2479,393,-9664,-3848,-7240,-3024,-4574,1003,-7368,-3504,-3272,-1323,-309,-37,122,128,going_down
1507,-5012,-8424,12372,363,538,474,-18900,5868,-6240,-4844,5252,2538,-13848,-1216,-1624,-207,889,546,-9296,3760,8136,542,-2399,452,-12744,-8240,-7512,-1390,-4913,692,-6192,-3696,-4264,-1040,-121,-25,121,130,going_down
1508,-5008,-8388,12268,170,317,-99,-12664,2564,-4912,-8489,5660,-2247,-17136,2224,-1168,125,720,338,-15960,6144,7736,441,-1921,1047,-12864,-5632,-10128,72,-5284,1462,-6992,-2416,-3792,-538,28,-142,121,129,going_down
1509,-5212,-8988,11888,165,-609,-590,-14292,-2824,-3284,-5944,5998,-1394,-17808,4488,2872,909,331,119,-26424,464,9064,94,-1900,1369,-12960,960,-14464,671,-5889,1825,-8104,-784,-3592,-94,223,-228,125,131,going_down
1510,-4944,-9188,12168,323,-680,-486,-14656,-4268,-1672,2703,6043,2299,-15072,360,4872,754,-112,242,-28512,-11344,3184,984,-2153,1413,-13736,-2376,-14480,347,-5757,1744,-8312,-872,-3096,-1,259,-227,121,127,going_down
1511,-5108,-9680,11888,355,-316,-217,-14776,-1776,-2600,8188,7272,4619,-13792,-2616,6080,305,-150,281,-23104,-6008,-992,1759,-1544,1680,-16056,-4984,-14776,618,-5351,1605,-8120,-2512,-1432,1003,823,-297,124,130,going_down
1512,-5012,-9608,11836,544,-369,19,-14712,1536,-3672,6820,9613,4140,-13856,-2496,6248,255,-158,256,-29960,-5976,-4184,1151,-891,1636,-10672,112,-18136,496,-5144,1769,-8288,-424,456,1991,1141,-213,122,128,going_down
1513,-4968,-9628,11992,426,-214,427,-14208,2168,-4176,2412,12172,2505,-13584,3400,5680,-115,420,-415,-29592,-11504,-5392,1127,-586,1848,-13696,3144,-17000,-693,-4726,1428,-10144,2376,3096,2555,1340,-88,129,128,going_down
1514,-5408,-9264,11840,273,42,854,-13704,1196,-5864,440,14175,1386,-13592,3696,5592,-436,322,-249,-31408,-10848,-9472,1028,-740,1930,-20656,-2512,-17272,-1411,-4245,856,-10344,4832,4720,2191,1407,371,119,127,going_down
1515,-5184,-10248,11812,-1125,593,2552,-14456,128,-5044,-659,16197,1027,-14216,-176,4232,-234,133,42,-26680,-14752,-14800,637,-705,1505,-19768,-6576,-15896,-184,-3433,253,-13048,5624,6072,1566,1779,482,118,127,going_down
1516,-6128,-11144,11408,-2024,1994,4871,-15248,-1108,-7308,-965,18072,651,-12816,-2848,3016,-328,-126,164,-29088,-12144,-19296,-415,-710,833,-13776,936,-15992,640,-2455,142,-16720,7488,8760,537,1723,390,117,137,going_down
1517,-4508,-11804,12148,-4086,4628,7821,-15248,-920,-7876,-2800,20251,635,-11576,-1216,3216,-391,-268,67,-27864,-12584,-19480,-552,-752,697,-12256,3816,-11920,-314,-1295,-54,-17840,6040,12064,-286,1481,114,122,137,going_down
1518,-7380,-10496,12104,-7031,6699,10939,-15176,1196,-10344,-3616,21773,328,-12344,2424,1440,-541,-404,-28,-20016,-9496,-21192,-1033,-155,-118,-11200,2136,-12136,-1343,203,-420,-17392,4328,12184,-949,911,-79,117,129,going_down
1519,-4788,-11332,13208,-8627,10216,13421,-16332,2372,-10104,-4131,24125,543,-14320,2168,2664,-801,-251,56,-14072,-8808,-17088,-1160,180,-542,-10328,224,-7872,-1345,1271,-444,-16048,3184,8960,-1278,583,-239,107,155,going_down
1520,-6984,-10332,13348,-7601,13550,15049,-14712,2232,-10972,-3180,25664,670,-14760,1904,-1120,-1022,-243,44,-8856,-7312,-13408,-1070,1510,-735,-12920,-1112,-5392,-1521,1772,-462,-14152,1528,5608,-1166,589,-281,119,120,going_down
1521,-7628,-9736,12988,-3017,17020,16810,-13560,2128,-13896,-2134,26372,849,-15480,-160,1816,-566,-433,28,-32768,32767,32767,3250,-184,2395,-11032,-4128,-24480,-2383,2283,-594,-13072,-3792,20104,-1772,-217,-267,118,129,going_down
1522,-8288,-14664,13684,-1005,22298,23625,-22884,2204,-11740,-2515,28329,-380,-17656,-3584,9376,-39,-1032,357,-32768,11440,-7528,-1798,-8380,4019,-26120,10432,-3456,1100,3592,276,-11952,-6368,4192,-1651,595,-105,122,123,going_down
1523,-7720,-18040,17424,5658,29508,32767,-32768,3028,-13200,-3825,31802,-2719,-22360,-3776,9792,499,-2279,482,5160,30032,26256,-2207,-4987,3624,-28768,896,12624,-1163,2866,-719,-32768,-12360,-4352,358,944,-363,118,140,going_down
1524,-4860,-16464,15648,13513,32767,32767,-32768,4716,-9140,-9015,32049,-3065,-28024,1088,7208,786,-2955,214,-15448,17320,11136,-1577,-5294,833,-21032,18776,-2936,-643,1662,184,-27808,-1976,6064,2316,-484,-160,125,113,going_down
1525,2120,-14052,16212,15968,32714,32767,-25696,1244,60,-17030,22522,-3196,-32248,2072,1728,249,-3339,-332,5552,21272,17352,-1037,-2436,358,-19304,11336,-760,-1050,1927,307,-16624,18328,-480,3465,140,1106,125,128,going_down
1526,-16716,-16680,24508,8926,25534,32767,4232,-7692,-4600,-16718,14374,-5920,-32648,2328,-6552,-326,-2866,-812,-14360,3296,11840,-1053,-2134,162,-18680,-7176,-7664,513,1660,51,-15680,19168,-3624,3243,348,1208,125,130,going_down
1527,-32768,-19528,32556,23231,32767,21024,10228,3108,-32768,2599,19269,4620,-24416,2432,-4704,-341,-2268,-1222,8104,7512,22912,-670,-1301,334,-32768,-1064,-3184,1684,1642,-137,-32768,15496,15624,-2651,-976,47,124,116,going_down
1528,32767,-16040,18656,1157,-11480,-32768,-7552,-6200,17360,-4861,3499,16508,-28632,-1688,3800,-235,-2456,-1532,-13888,6368,11816,88,373,79,-22184,4608,-7504,1190,1225,-253,-22584,-5424,-1088,-2791,146,-796,124,137,going_down
1529,-14376,-16452,16756,-962,3801,-9379,-11656,2508,3364,18178,-12625,4597,-32536,2088,-3296,411,-1898,-1454,-10904,8632,9720,23,261,-1,-7736,13056,-9640,79,1589,-263,-15168,2832,-4336,-712,83,-608,123,137,going_down
1530,19100,-12068,7560,5640,-11905,-16749,3792,-688,-896,10400,-23727,3089,-22104,7608,-2480,435,-1554,-1237,-10912,6944,10472,-69,104,-165,-10464,6728,-12400,-1340,1309,-408,-15176,3728,-5072,-284,122,-495,121,127,going_down
1531,11512,-6964,3144,-779,-20492,-15835,-452,2432,-2352,1339,-32768,1653,-13880,5896,-3736,165,-1140,-924,-10728,5480,11144,-78,-2,-173,-17336,-2448,-11456,-592,525,-549,-17544,1880,-2168,367,1061,927,121,129,going_down
1532,3412,-11048,4316,-2925,-23316,-19752,-8216,3296,-2664,-411,-32768,-2030,-9608,5824,-3288,-184,-754,-431,-10920,5752,11504,-37,-1,-137,-19568,-3624,-9560,700,275,-539,-19632,4192,104,80,1278,710,121,127,going_down
1533,2344,-6688,2532,-3768,-22246,-17970,-5188,4852,-4092,-4227,-32768,-4014,-7552,3920,-3440,79,-379,43,-10392,5816,11792,4,85,-154,-14360,1248,-6240,1277,139,78,-16312,2376,896,-539,1089,55,120,137,going_down
1534,-1300,-6796,2904,-3634,-13780,-11853,-8760,5148,-5104,-7813,-32768,-9175,-4680,2760,-4552,639,-147,336,-10584,6112,11680,32,125,-152,-12312,5200,-5912,601,608,60,-16720,-2472,3208,-885,967,9,122,124,going_down
1535,-9460,-11784,6684,-1624,-3690,-10753,-10616,4568,-10100,-6740,-32768,-14562,-2824,2976,-5832,1663,67,520,-10128,7504,11440,73,176,-186,-14432,4480,-4232,-42,870,-176,-13536,-1336,6968,-624,568,25,122,129,going_down
1536,-24036,-10052,12348,-4667,-1012,-24424,-11660,2076,-18348,-2396,-32768,-13417,-3240,6592,-6064,2024,359,564,-10624,6552,11240,59,303,-286,-14904,2456,-4472,5,954,-129,-12632,1456,7952,-231,434,-16,123,129,going_down
1537,-27192,-2776,13728,-446,-4655,-23738,-11832,804,-19356,1559,-32768,-11430,-4432,10000,-2520,1244,617,510,-10872,5800,11128,55,355,-327,-13384,1496,-5984,320,1143,-150,-12440,2816,5992,94,296,-52,123,128,going_down
1538,-32700,10488,9916,-5968,-6302,-10442,-14164,616,-18604,3582,-32768,-9457,-5712,9880,2112,-42,972,393,-10936,5592,11296,64,312,-365,-13384,2104,-6248,580,1449,-189,-11944,1720,5472,-51,245,5,124,124,going_down
1539,-32768,612,6640,-7219,-8339,-3943,-14240,-240,-21264,10208,-32768,-4430,-9032,5784,1928,-2002,1386,172,-10944,6280,11040,78,341,-437,-13032,3072,-6872,550,1628,-138,-13648,496,6064,177,271,190,122,123,going_down
1540,-32132,1408,-256,2733,-3591,-9454,-13768,1900,-21336,13080,-32056,-879,-12552,1760,3856,-2764,1884,80,-11200,6168,10784,113,405,-549,-12040,2840,-8776,403,1794,-154,-13616,-896,3456,414,264,180,123,131,going_down
1541,-32768,9844,-2104,4782,2726,-8514,-14104,5480,-20436,7868,-24457,401,-14080,-2776,4384,-2267,2108,-123,-11448,6192,11408,189,439,-663,-13320,1456,-9080,483,1998,-138,-11704,-200,4856,373,-10,134,122,126,going_down
1542,-32768,12440,1480,361,-266,-2725,-13932,4076,-19576,-4556,-17675,-1503,-13816,-4576,3576,-869,2254,8,-12560,5952,11928,323,683,-960,-17072,2104,-7560,916,2265,-43,-10976,1912,6224,449,-395,41,121,127,going_down
1543,-32528,13956,-2248,-5416,-7193,2538,-12944,864,-16380,-9686,-12761,-3977,-15576,-3728,4112,-114,2002,728,-9288,7240,11880,419,1121,-1101,-11640,1504,-9808,932,2417,-166,-12376,1040,-832,1230,-572,-223,122,126,going_down
1544,-25160,9476,-6576,-10104,-4247,6881,-14352,2640,-12676,-9994,-6239,-2855,-17560,-1024,5400,163,1442,1212,-15000,1592,7120,223,781,-1136,-3264,512,-16312,736,2442,-167,-11248,-232,-128,1602,-202,-306,122,107,going_down
1545,-22972,5364,-2144,-6977,2712,7755,-14580,2212,-10904,-10359,-975,-2894,-18680,2520,5520,157,1207,1139,-12144,5768,11808,424,692,-1187,-15536,1456,-12488,789,2437,-191,-13792,4696,6048,1968,-69,-344,127,137,going_down
1546,-19892,7364,-1384,-4845,6318,8280,-14236,176,-7228,-7921,3133,-1749,-17784,5296,4752,131,1357,828,-12432,7240,14944,556,1416,-1610,-21104,280,-11896,1160,2446,-240,-17696,9952,8904,1251,-114,-343,116,134,going_down
1547,216,19256,-1540,-27069,-1528,3994,-14640,836,-9112,-1967,6206,1723,-16688,3296,4312,-71,1309,420,-12272,7048,15264,578,1596,-1708,-20312,400,-13904,1435,2780,-318,-17784,6512,7400,2,-479,-236,129,121,going_down
1548,9060,-6516,-32768,22075,-32768,-32768,-27480,-13360,-3828,-4628,15629,-115,-31280,4112,15288,-862,29,366,-13664,6528,14896,827,3494,-3193,-21288,16,-18312,1294,3066,-140,-20472,432,9504,-248,-711,-473,118,129,going_down
1549,10748,-17480,3184,-10886,-32768,-28954,-32768,1004,12404,21729,16376,9491,-20016,-6120,1616,1298,109,-488,-10304,9320,17272,748,4850,-4336,-29272,136,-16288,1293,3251,-121,-24888,3448,11216,198,-1216,-691,113,126,going_down
1550,-856,-7812,23324,3451,-13023,-12325,-25600,11572,13540,25121,8796,200,-22352,14200,3040,1071,978,461,-5960,12472,16352,-31,6938,-6062,-29032,536,-7720,2028,2521,-181,-26032,4640,9584,257,-1915,-1010,124,127,going_down
1551,-13188,-8532,9788,-1695,-20512,-16052,-13764,-1652,-1084,-3276,15495,-5934,-23144,10360,9216,-1061,141,-26,-4056,-160,8480,-1481,6570,-6899,-27568,984,-7824,2044,2357,-191,-30696,5192,2000,135,-1928,-744,126,127,going_down
1552,-13092,-8472,9952,423,-14084,-12736,-23876,-10012,-9024,1366,14962,991,-18488,-8088,-1304,-1942,867,-954,-32768,-2432,4872,-754,6423,-5069,3480,3384,-24824,373,1286,192,-25712,4104,-5688,324,-1742,-180,129,124,going_down
1553,-5516,-17184,10316,4885,-11661,-9071,-24764,-10400,680,12497,12641,4243,-19328,-11488,-8104,-1626,633,-634,-32768,-2376,16904,344,-1487,2564,6408,568,-10512,137,1489,-1426,-21048,1984,1240,255,-1698,112,120,123,going_down
1554,-5544,-11476,11904,4771,-7014,-2486,-21576,2512,-12032,2451,7577,-4287,-24336,-4360,-7856,185,-382,734,32767,32767,21768,-1172,-1809,1427,-26776,11712,7464,-456,-971,-76,-27448,9608,1680,-73,-1800,348,122,127,going_down
1555,-5544,-9296,13144,1630,-3066,-1292,-21520,2320,-10468,-6400,10427,-966,-22568,1944,-7792,1520,-253,504,-5392,8272,11592,-1376,-1000,2602,-1744,3016,-672,-887,-1717,121,-26208,7616,-1720,-818,-1634,681,121,126,going_down
1556,-5384,-7868,13208,-1277,890,112,-19012,1048,-10160,-5716,6604,110,-19568,6232,-6280,1546,428,97,19136,13760,16080,-445,-2199,2874,-4768,9296,-56,-1465,-3103,-59,-22504,3048,-1776,-1400,-1340,668,122,126,going_down
1557,-6252,-9508,11672,-2970,2454,617,-16560,-3100,-8280,-2384,4352,438,-18176,6752,-2400,982,713,110,-1080,7144,8384,-738,-2096,1091,-9168,3648,-4064,-2527,-4267,1009,-17096,8,-3768,-1606,-1024,459,123,126,going_down
1558,-6764,-10996,10560,-3265,3048,1255,-15816,-3304,-5612,-2014,3979,1592,-15192,4280,184,-49,953,159,-3776,7992,9144,-585,-2030,848,-9152,-1504,-6808,-2351,-4896,841,-10920,-2624,-4872,-1583,-732,94,118,130,going_down
1559,-6828,-11832,9920,-2698,3083,1846,-14928,-2592,-3408,-3461,4407,1018,-14304,1512,2488,-863,878,205,-9080,8112,5112,-234,-1715,909,-12016,-2752,-8152,-1521,-5065,949,-7720,-1616,-6096,-1538,-537,-14,121,130,going_down
1560,-7180,-10428,10388,-1759,2089,3276,-13504,-224,-4260,-5173,5801,232,-14040,-1224,2144,-1253,759,72,-13016,13080,3576,-665,-783,1731,-12240,-1120,-11520,-1024,-5489,1306,-7704,-592,-7608,-1406,-173,131,124,130,going_down
1561,-7256,-9280,10472,-731,554,2408,-11592,348,-4648,-6562,7558,112,-12384,-1424,1528,-676,514,-57,-18896,3304,6136,-1226,253,2337,-8880,2288,-14400,-1070,-5860,1403,-6528,-2368,-5976,-242,308,304,120,129,going_down
1562,-6960,-9092,10424,-797,-1396,1332,-11616,-360,-3548,-6572,9086,72,-12976,-1520,1400,68,49,9,-26216,-9224,5104,-78,-30,1679,-9144,3576,-16872,-1516,-5831,1048,-4760,-1632,-3048,338,688,353,124,130,going_down
1563,-6576,-9176,10748,361,-2855,319,-11420,-1284,-4012,-3409,9618,699,-12560,-1272,1912,361,-293,106,-32768,-7856,-3624,1225,-1068,735,-9848,584,-20424,-1893,-5789,907,-4184,-1944,-2824,441,752,328,118,129,going_down
1564,-6640,-7616,11004,2194,-3996,-1036,-10472,-1284,-6108,1157,9982,2090,-11080,904,1544,286,-184,70,-30064,-2560,-13568,954,-1653,1118,-7728,-4408,-20984,-1546,-5011,914,-2056,2096,-3032,1596,1163,184,125,127,going_down
1565,-7252,-7808,11052,3312,-5546,-1993,-11312,-884,-6292,4644,11015,3630,-9704,2248,4712,159,211,-16,-25648,-5296,-20760,45,-779,1842,-13816,-5272,-19072,-423,-4219,661,-5208,3928,608,954,992,294,115,126,going_down
1566,-5608,-8352,12128,3067,-6190,-1596,-14520,784,-5656,6375,11804,3558,-11736,2624,4984,-117,431,-243,-24328,-10824,-22200,-218,261,1932,-16168,208,-20368,567,-3613,672,-9736,4312,5288,-108,684,731,120,129,going_down
1567,-5356,-9408,12180,2420,-5038,-897,-14848,1212,-5836,6060,12107,3558,-15760,-416,6424,-547,539,-252,-28088,-12856,-22376,-76,737,1585,-12976,4840,-19304,375,-2680,632,-14040,2696,8136,-880,900,857,127,133,going_down
1568,-4728,-10748,12520,-15,-1747,1070,-17752,1128,-7308,1012,16955,3131,-17288,-3688,6888,-383,398,-148,-26424,-14888,-24416,-391,226,693,-11320,3088,-18136,-828,-1551,605,-21280,-232,8632,-865,1080,491,123,133,going_down
1569,-6472,-11752,12048,-3927,3832,5190,-19228,1076,-7552,-936,19757,2129,-16800,-3144,4328,275,-48,-22,-21408,-13224,-25000,-710,157,151,-11976,-24,-16648,-1591,-212,165,-19920,-968,9584,-410,1100,13,118,131,going_down
1570,-6468,-11536,11256,-4627,8222,8381,-14684,588,-12432,-2030,22212,952,-13336,2160,872,24,-148,39,-16024,-10344,-21088,-1140,790,-318,-15688,-872,-12312,-1442,894,-157,-17976,2784,10576,-307,1090,-31,122,137,going_down
1571,-7864,-9436,11456,-6981,9145,10964,-11200,-116,-15284,-2753,22311,763,-13280,3096,3392,-93,175,342,-29888,-18888,-19240,78,2734,-1407,-17072,-1976,-11544,-1204,1237,-172,-18256,4896,8736,-399,1252,218,118,124,going_down
1572,-11572,-15064,11908,-11813,13268,17717,-23476,732,-12180,-4468,24084,-1128,-18016,176,13000,-319,-93,699,-32768,5640,22544,1193,-3314,1929,-13152,-4576,-19496,-1146,2033,-163,-16272,-2824,12768,-1396,1214,251,121,123,going_down
1573,-5668,-20556,16924,-4160,24837,30318,-32768,3964,-9744,-7277,31286,-6128,-19944,1912,15440,-93,-1503,538,-32768,12184,-3296,-859,-6883,3549,-30480,1504,4408,1494,3380,816,-19376,-11824,4264,-1242,1313,322,119,135,going_down
1574,-7112,-16632,19836,5817,32767,32767,-32768,4292,-13832,-9915,32767,-8076,-24616,8824,11416,-233,-2427,347,11088,18272,30040,-1871,-4455,3454,-30112,-4296,12736,-210,2877,-466,-30568,-14200,3176,1306,786,-357,126,152,going_down
1575,228,-16344,18688,14434,32767,32767,-32768,7952,864,-18474,32767,-8180,-27968,4800,6824,-1055,-3164,-74,-20224,19008,10560,-963,-4434,1127,-21560,14328,-696,29,1664,163,-25648,736,6368,3041,-279,-83,125,109,going_down
1576,8752,-8516,19084,20862,32767,32767,-32768,3660,12240,-27454,9184,-4214,-29192,-3624,-4888,-1706,-3349,-317,-6416,14448,12400,-1019,-2260,923,-19224,14136,-5160,-1440,1849,-140,-20528,16384,-1008,3139,45,720,125,132,going_down
1577,-32768,-32768,28212,5307,32767,30070,-784,-764,-32768,-6531,20133,-4063,-29480,-5008,-12152,-1447,-2437,-1012,-12336,12208,11848,-482,-1492,306,-23408,4488,-4864,-1149,1936,-281,-18160,18872,-3256,738,-108,31,123,137,going_down
1578,-1836,-32768,29460,-4041,15791,-3591,3068,-5832,-2408,-8140,14491,14111,-27960,-6256,240,-358,-2361,-1749,-11936,6584,11048,-448,-820,-153,-18008,-3008,-10104,991,1292,340,-15776,14416,-3152,-1325,-65,-401,122,123,going_down
1579,-3208,-7120,1120,20921,7364,6246,-18888,-9832,8836,20572,-10226,10045,-29176,-3968,-2944,571,-2453,-1506,-11448,5448,9680,-336,-1048,22,-12832,5216,-9976,2233,1040,-179,-14808,7552,-4928,-1965,555,84,122,135,going_down
1580,21160,-7124,12860,3542,-12333,-13068,-108,4016,-3500,22626,-21135,9080,-24656,3752,-4552,1090,-2030,-1148,-11216,6896,12856,-253,-984,-41,-15472,10512,-7184,1242,833,-252,-18648,5200,-1664,-1927,326,207,122,138,going_down
1581,12548,-6656,2956,5670,-14004,-18712,5344,3536,-1972,4220,-29092,6621,-19048,6288,-4528,837,-1634,-1127,-10904,5440,12968,-313,-619,-72,-19704,5104,-8728,-703,912,-460,-22376,640,4776,-1760,502,251,123,124,going_down
1582,7004,-12064,3360,3915,-17400,-24278,-9880,-1348,-1448,2906,-32768,1659,-14160,7648,-3872,661,-1200,-700,-10552,6248,12800,-154,-159,-50,-21168,-704,-7616,-941,1168,-858,-21648,-4088,3736,-1240,863,453,122,127,going_down
1583,916,-7008,1324,5590,-15763,-21610,-5432,16,-4956,5417,-32768,1438,-11192,3112,-4168,605,-916,-393,-10024,7488,12040,-28,122,-70,-17088,1072,-6016,-282,1188,-637,-17088,-3904,2704,-272,716,625,122,125,going_down
1584,-4308,-7496,3908,3043,-13347,-14609,-7404,1292,-7912,1312,-32768,-145,-7304,2752,-4912,922,-568,-11,-10944,6848,10728,10,231,-152,-12808,2896,-7704,-31,1095,-238,-13864,-1336,456,964,565,531,121,126,going_down
1585,-10316,-11300,5968,3526,-9083,-11728,-10104,2088,-10564,-2264,-32768,-4654,-4752,1912,-6592,2164,-294,103,-11384,5880,9896,9,152,-160,-11728,2208,-9808,93,981,-165,-13368,1632,-24,1382,455,235,122,128,going_down
1586,-14408,-11540,7580,136,-6080,-16589,-11544,1096,-14472,-2952,-32768,-6119,-4792,3792,-6120,2492,74,137,-11296,6016,10832,25,96,-167,-15224,1432,-8296,497,915,-160,-14816,5800,2824,952,429,-77,122,128,going_down
1587,-22964,-6608,10044,-820,-3786,-16725,-12028,1244,-17216,-3257,-32768,-7105,-5080,8272,-3064,1851,400,251,-11200,6536,11208,59,202,-258,-15504,2824,-6256,837,958,-107,-16032,6848,6368,181,494,-187,125,129,going_down
1588,-30832,-3420,12884,-6805,-9292,-12965,-15680,920,-16416,-4753,-32768,-8138,-5808,10776,-160,1254,893,433,-10928,7640,11592,111,395,-348,-14800,4064,-5840,715,1156,-165,-15160,5464,5072,-430,433,-22,124,132,going_down
1589,-30564,-5160,10680,-7764,-13731,-10304,-15308,-608,-18708,-6488,-32768,-7929,-6920,10560,1888,-639,1479,298,-10968,6616,11560,203,608,-503,-13776,3504,-6840,346,1566,-209,-14088,-32,5440,-903,317,291,124,128,going_down
1590,-32768,-5024,2932,-6928,-11618,-13630,-18608,-1024,-17296,-1308,-32768,-7783,-9832,6648,2688,-1915,2124,192,-11384,6072,11200,355,789,-657,-13568,2824,-7808,74,2012,-194,-12656,-3032,7488,-642,56,367,124,136,going_down
1591,-32052,344,-1168,-2265,-2694,-14354,-18504,-1292,-14640,4661,-32768,-6830,-12536,3840,5160,-2117,2504,64,-11688,5632,11128,405,974,-780,-14592,-256,-7936,344,2084,-84,-11048,-3960,4320,473,-181,18,124,136,going_down
1592,-32192,4668,-576,-3445,4401,-9259,-18860,-140,-13760,6628,-28147,-5052,-14976,1208,5152,-1763,2438,-2,-13168,5392,9280,372,1024,-946,-10712,1072,-11280,803,2187,22,-11256,-3928,2520,1283,-311,-275,122,128,going_down
1593,-32768,4096,3484,-5507,3333,-5985,-16980,164,-13444,4810,-22646,-4615,-17656,-1424,5912,-1276,1898,155,-11472,7744,11408,562,1173,-1075,-14512,2936,-11272,933,2332,123,-12568,360,5328,1996,-411,-310,122,147,going_down
1594,-25548,8152,1944,-5171,-504,-5500,-13604,3140,-11188,3307,-16433,-3189,-17464,-4072,7544,-364,1452,313,-11688,7304,12632,672,1665,-1491,-17352,2072,-9232,1066,2491,23,-15368,7408,3256,1969,-587,-380,121,122,going_down
1595,-21420,11288,-1200,-5520,1290,-1687,-13444,5176,-7964,-2449,-10034,-2097,-15344,-6080,9072,803,1072,26,-13200,4576,9576,520,2027,-1733,-9688,1336,-12672,1199,2479,-64,-15072,8528,-2360,1377,-460,-268,125,119,going_down
1596,-21312,10648,-4592,-4789,5820,2281,-12052,4116,-8236,-4897,-4395,-3379,-16408,-4840,6168,954,1159,-182,-13528,2896,7152,453,1964,-1629,-5912,224,-14328,1058,2607,-199,-11304,6264,-1064,863,-341,-180,117,114,going_down
1597,-19720,11972,-5268,-6913,8936,4507,-9996,3000,-6832,-6316,2767,-2027,-20632,-1368,5912,-99,844,55,-16104,1736,8536,476,1991,-1473,-8936,1696,-13560,967,2508,-376,-11008,7056,1424,493,-173,-278,123,123,going_down
1598,-19672,12052,-3132,-6617,12802,9790,-11404,2132,-5232,-5399,8332,-1007,-19528,2632,8088,-489,228,454,-14816,4624,9408,385,2191,-1862,-13872,1408,-15344,707,2615,-483,-13120,5408,7168,-109,-121,-353,123,123,going_down
1599,-32768,-12948,10900,-6658,-5486,1375,-13040,3744,-16988,-1012,13094,1047,-17840,6376,10832,-154,137,567,-15136,7944,11480,713,3027,-2623,-23080,1712,-16088,934,2780,-282,-16856,4272,12488,-871,-289,-480,122,127,going_down
1600,32767,32767,-32768,18445,-21939,-6327,-18252,-20976,-12796,-4579,29485,-2265,-32768,5544,29536,-658,-1293,749,-12296,11176,16360,803,4686,-4203,-30168,3016,-16040,1199,2858,-32,-27504,3240,13288,-850,-767,-674,100,131,going_down
1601,-828,-32768,32767,9626,-32768,-31126,-32768,-4872,24380,25897,19250,12946,-19344,-3544,-10448,2273,2232,684,-4888,8136,14968,302,7030,-6517,-29192,-1512,-8152,1813,2110,276,-32264,4960,7872,-362,-1557,-649,113,128,going_down
1602,-27484,-6088,7152,9243,-28130,-13246,-14836,5268,5668,28540,18972,1568,-17256,7832,192,-2046,-1222,-693,-20000,752,7544,-337,6720,-5807,-8408,1264,-12560,2624,1371,168,-27344,4712,-3504,-54,-1869,-402,118,125,going_down
1603,-7780,-14444,10248,16768,-18588,-16206,-13268,-6068,-2832,-1208,18530,-3289,-32384,-4064,1840,444,-43,-1293,-32768,-904,-5168,-835,5013,-3036,5488,-960,-27728,1024,1906,-1112,-22776,5232,-7728,337,-1426,-113,100,122,going_down
1604,-5712,-10964,12752,10705,-16500,-12122,-32768,-6248,-4904,-1278,12001,1125,-30832,-6608,-2768,81,122,-1615,-32768,-480,12888,-634,845,825,10880,840,-19440,612,1484,-1719,-22040,4392,-1048,-81,-1431,148,130,124,going_down
1605,360,-24120,14824,5565,-3595,1110,-32652,5344,3704,5257,10227,1102,-32768,3248,4568,-587,-1149,620,32767,4184,30088,-835,-2426,2598,-10968,6296,9032,-116,-472,-1270,-31616,9144,960,-593,-1534,201,123,127,going_down
1606,-2868,-6668,13616,-2078,2322,1036,-21108,9944,-14348,-10079,9553,-7764,-23040,4480,-10072,315,-672,713,-32768,10992,2032,-873,-1300,-662,-4144,-6768,-1296,-919,-1669,222,-30120,6744,-6848,-1558,-1089,476,115,129,going_down
1607,-5496,-9148,12136,-3909,2475,505,-15276,-9020,-10548,-7621,10642,2991,-21696,4448,-10880,246,-660,663,5624,6672,5360,-387,-2736,972,1480,896,-1952,11,-2621,-287,-21520,-1960,-5248,-2134,-843,500,126,124,going_down
1608,-5892,-10516,11176,-2138,1974,602,-14160,-11932,-9304,4767,764,-162,-16432,3840,-9608,-1036,1058,-167,6672,6632,5616,-249,-2838,1227,-2864,2656,-6104,-1106,-3569,635,-14936,-2752,-5352,-1946,-524,171,122,126,going_down
1609,-5708,-9804,11488,-578,661,16,-13732,-192,-8140,7712,-4053,2353,-17424,552,-6816,-1100,1490,140,-11040,-16,1960,-892,-1717,1573,-1520,-1128,-12752,-1949,-3878,752,-9888,-1720,-5760,-1822,-189,-161,118,127,going_down
1610,-5544,-9952,11608,75,488,23,-16724,2376,-5988,-2692,-3052,2455,-18088,-4768,-3440,-584,1561,405,-23088,-3264,3176,-2,-2583,1654,-2344,-4104,-13464,-1635,-4042,655,-10176,-2856,-5240,-1672,125,-165,120,133,going_down
1611,-5596,-9864,11632,138,510,43,-18548,1932,-4776,-7964,-2754,-1308,-16888,-1776,-1432,604,1130,404,-17536,1336,-1800,140,-3068,1549,-6480,-7208,-15224,-886,-3873,1004,-10696,-6528,-3488,-933,224,-411,124,131,going_down
1612,-5068,-8872,12064,-415,1124,1042,-15104,104,-3372,-9337,-2374,-2148,-17368,2072,376,1403,855,554,-21400,1960,-3832,-407,-2607,1930,-6152,-3736,-17912,-136,-3891,1429,-10784,-5216,-2384,-15,364,-569,113,128,going_down
1613,-4944,-9816,11888,-1086,1158,1440,-16756,-2096,-1232,-6845,-2098,-1593,-16776,3832,2312,1293,796,497,-24944,-1104,-992,-986,-2308,2782,-7640,504,-18984,-593,-3686,1142,-12744,-1568,-3056,940,836,-510,123,129,going_down
1614,-5704,-9236,11696,-1159,1338,1639,-14720,-1696,-1324,-3361,-1896,-1128,-14832,4480,3800,933,608,429,-26608,-5544,-368,-856,-2353,2931,-7176,936,-20176,-1611,-3549,811,-14624,1464,-3544,1399,1186,-144,120,127,going_down
1615,-5800,-8884,11704,-912,848,1361,-14412,-1704,-1512,-1407,-1554,-102,-14664,3864,3808,-7,705,302,-26288,-9560,2664,-121,-2729,2283,-7696,-56,-19280,-2012,-3479,361,-15320,3592,-3512,1698,1389,20,118,132,going_down
1616,-5548,-9948,11820,-1169,989,1548,-17188,-1476,-2368,-846,-981,232,-16432,2520,1872,-894,1159,131,-25856,-8160,1320,534,-3139,1005,-12600,-3072,-18920,-1513,-3496,326,-15520,6872,-3288,1504,1497,308,133,125,going_down
1617,-5508,-9340,11692,-715,1184,1629,-15632,-216,-2624,-2038,37,-464,-16032,1912,-240,-1044,1374,22,-32768,-184,5016,1106,-2881,1495,-16312,-7624,-21720,181,-3173,269,-15344,8376,-2744,802,1500,137,123,138,going_down
1618,-5724,-8712,11892,-527,1012,1212,-15108,88,-3932,-2792,57,-926,-15472,1288,-2592,-908,1331,8,-32768,4960,-4544,1202,-1420,4346,-15328,-2208,-32768,1206,-2476,-148,-17144,8248,3320,-386,1100,158,115,123,going_down
1619,-5852,-8736,11876,-1004,1492,987,-16432,-428,-4348,-3234,-597,-545,-17320,-824,-3880,-766,1102,324,-32768,-9312,-23176,157,-1012,2286,-11864,5656,-31888,723,-1576,138,-20616,7312,4776,-1516,591,223,119,136,going_down
1620,-6056,-9192,11712,-1415,1877,828,-17344,-2052,-4876,-2093,-1213,354,-16424,-2352,-6432,-358,980,610,-23128,-3304,-9520,-619,-1541,831,-10248,4056,-17656,-417,-229,-175,-20864,6872,4096,-1638,611,240,122,129,going_down
1621,-6140,-9396,11512,-1775,2075,1054,-16788,-1728,-4380,-536,-2032,994,-14752,-24,-5848,266,789,684,-8368,8152,15920,55,-2110,128,-19200,-2064,-1768,-781,-114,-301,-18656,-2192,-3232,-1286,1525,153,122,133,going_down
1622,-6312,-9448,11520,-2035,2357,1553,-16696,-1140,-3780,-758,-2505,1203,-15840,1424,-4128,597,778,533,-9944,9536,17208,-163,-1716,835,-19816,-1768,128,-941,-973,-185,-17664,-4784,-7824,58,2213,339,121,133,going_down
1623,-6372,-9728,11172,-2181,2511,1926,-15780,-292,-2856,-1711,-2465,800,-15288,3112,-3128,616,810,381,-13616,7224,10024,-344,-1419,616,-16240,1952,-9232,-1146,-1335,239,-17816,-4920,-2336,49,1886,568,121,128,going_down
1624,-6456,-9596,11388,-2257,2535,2003,-15904,368,-1920,-3291,-2118,418,-15704,2912,-2648,466,779,481,-8672,4040,10216,-168,-998,360,-19592,216,-7896,-1033,-859,124,-18056,-1144,2600,-882,1524,667,121,123,going_down
1625,-6436,-8744,11388,-2428,2752,1996,-15364,-492,-2104,-3227,-1565,-8,-16424,1784,-2864,399,621,647,-7912,6288,13680,338,-767,216,-20864,-4544,-5632,-249,-712,204,-18992,-2472,88,-194,1947,434,121,130,going_down
1626,-6568,-8840,11212,-2211,2501,1406,-15244,-1548,-1580,-1119,-1181,1091,-16744,2288,-3064,354,377,554,-10432,7544,12104,431,-603,170,-16816,576,-4424,1089,-979,583,-18936,-4848,1528,967,2166,321,122,134,going_down
1627,-6824,-9360,10936,-1962,2138,1152,-15104,-1312,-1332,791,-525,1792,-15896,3816,-2416,390,261,341,-10824,7440,10928,369,-504,62,-16088,8008,-3416,997,-1038,510,-15008,-720,4616,1687,1513,322,121,129,going_down
1628,-7032,-9692,10608,-1182,1291,528,-13828,-676,-1456,808,492,1976,-14904,4208,-1712,220,254,119,-11120,6496,10520,169,-243,-5,-14664,6616,-2936,-26,-957,359,-13176,5512,2432,1744,1154,147,121,123,going_down
1629,-7088,-9340,10556,-186,328,-214,-14036,-904,-2636,1723,788,1680,-14064,4872,-2152,-106,273,20,-11192,5432,10648,87,-207,33,-14600,1584,-2280,-414,-659,198,-15160,8864,-2936,919,954,166,121,126,going_down
1630,-7184,-8564,10500,574,-574,-986,-14392,-212,-3772,3045,691,1887,-13520,5192,-3448,-547,246,91,-11120,5584,10928,27,-276,102,-14288,1008,-2088,-66,-500,253,-16336,8488,-2640,68,628,374,121,125,going_down
1631,-7080,-8944,10476,1350,-1736,-2036,-14036,208,-3288,2861,1049,2212,-13000,3904,-4464,-764,180,184,-10872,6440,10904,30,-293,100,-15304,3336,-2248,-25,-416,278,-16728,3776,952,-141,439,403,121,123,going_down
1632,-6980,-9840,10628,2201,-2853,-2715,-14444,-720,-3528,2596,718,1577,-12984,1344,-6232,-574,166,220,-10520,6224,11408,-36,-374,148,-16688,3488,-2824,-300,-325,201,-16208,1616,384,-506,309,47,121,129,going_down
1633,-7012,-9812,10384,2402,-3019,-2796,-15812,-1172,-4012,3244,11,1187,-14176,288,-7456,-14,239,181,-10536,6312,11664,-38,-278,109,-17280,2208,-3160,-404,-264,195,-17888,2112,-2240,-624,397,-122,121,128,going_down
1634,-6596,-9764,11248,3134,-3695,-2794,-17032,-424,-4064,2842,-403,1754,-16488,1152,-7624,578,199,136,-10488,6176,11792,-21,-127,90,-17584,2232,-3752,-271,-216,209,-17040,1920,-2840,-599,419,-11,121,126,going_down
1635,-6204,-9868,11364,3018,-3370,-2620,-17164,156,-2924,1591,-401,1412,-16896,2584,-6952,880,68,154,-10536,6480,11664,6,-57,83,-16608,3352,-3424,-239,-188,130,-16256,1328,-2528,-421,331,122,121,126,standing
1636,-6140,-12036,12264,3352,-800,-929,-17232,760,-2012,319,-695,696,-17432,3672,-5544,898,-48,174,-10632,6568,11120,23,-28,61,-15944,3584,-3240,-295,-176,91,-15904,1560,-2912,-117,296,150,121,127,standing
1637,-6212,-8504,11932,1536,-611,-1013,-18032,1704,-2784,-866,-667,251,-17640,4912,-4680,690,-79,194,-10192,6640,11624,28,-6,20,-16152,3392,-2624,-220,-154,112,-16520,3016,-2928,123,249,105,121,128,standing
1638,-5940,-8688,12040,101,53,-301,-18160,1056,-2424,-1449,-484,326,-17240,6344,-3560,463,-69,197,-10520,6792,11416,37,39,-30,-16680,3744,-2328,-139,-132,75,-16768,4072,-2512,58,124,65,121,126,standing
1639,-5776,-8784,11880,-891,853,-11,-16684,404,-2100,-750,-209,437,-16184,6856,-2552,128,-40,154,-10456,6968,11120,66,145,-104,-16448,3504,-3016,-159,-108,45,-16384,4776,-2824,-14,55,78,121,126,standing
1640,-5992,-9136,11576,-1363,1073,182,-15684,304,-1952,-284,84,697,-15424,5904,-2064,-144,33,56,-10816,6264,11224,69,161,-130,-15640,2656,-3088,-55,-65,68,-15928,4376,-3288,-24,71,63,121,126,standing
1641,-6120,-9460,11408,-1186,904,74,-15080,-272,-1780,-349,516,503,-14904,4192,-1472,-419,35,-65,-10864,6016,11080,59,124,-110,-15416,2864,-3280,-17,-29,54,-15624,3080,-3400,-116,18,-5,121,127,standing
1642,-6152,-9596,11308,-644,421,20,-15160,-500,-2072,358,750,462,-14736,3312,-2752,-621,31,-132,-10920,5856,10992,39,93,-88,-15592,2920,-3232,-125,4,51,-15584,2320,-3496,-158,4,-18,121,126,standing
1643,-6092,-9200,11368,-20,55,-84,-15560,-172,-2980,954,697,359,-14736,2976,-4296,-697,18,-147,-10888,5464,10992,18,51,-41,-15632,2600,-3488,-188,55,18,-15288,1744,-3624,-239,8,-21,121,125,standing
1644,-6100,-9096,11552,239,-139,-242,-15952,312,-3720,1140,566,387,-14464,2904,-6264,-591,60,-110,-11000,5592,11056,14,44,-32,-15144,2416,-3384,-115,95,-4,-14960,1648,-3568,-272,-6,19,120,126,standing
1645,-6160,-9024,11364,266,-139,-276,-15708,484,-3684,775,505,329,-14592,2344,-7128,-306,73,-18,-10752,6008,10904,-15,-76,37,-15544,2912,-3856,-30,86,27,-15096,2112,-3832,-165,-29,22,120,125,standing
1646,-6160,-9056,11472,610,-459,-678,-15452,216,-3396,496,467,215,-14904,1752,-6832,54,-2,37,-10720,6000,10984,-19,-105,36,-16096,3128,-3944,6,65,49,-15608,2696,-4144,46,-38,4,120,126,standing
1647,-6052,-9224,11500,874,-703,-864,-15348,-276,-2776,772,412,235,-14912,1504,-5784,290,-102,46,-10696,6208,11072,-18,-149,45,-16184,2696,-3776,87,59,40,-15816,3208,-4600,153,-27,-5,120,126,standing
1648,-6008,-9688,11544,1064,-905,-847,-16304,-388,-2876,1838,70,288,-15296,1952,-5032,416,-178,31,-10520,6512,11296,-6,-148,54,-16360,2784,-3432,145,42,44,-15720,3368,-4312,74,-18,23,120,124,standing
1649,-5928,-9328,11656,816,-696,-731,-16752,72,-3092,2386,-81,292,-15736,3216,-4792,460,-210,42,-10648,6304,11520,12,-105,47,-16400,3032,-3304,109,33,49,-15744,3320,-3984,16,-14,34,120,125,standing
1650,-5840,-9008,11812,396,-361,-692,-16476,752,-3080,2278,91,536,-15704,4280,-4592,443,-199,20,-10600,6232,11368,20,-71,51,-16064,3120,-3240,17,49,28,-15672,3000,-3976,-76,-44,-1,120,127,standing
1651,-5804,-9028,11844,59,-174,-584,-16004,776,-2952,1664,162,397,-15568,4824,-4112,364,-170,-5,-10680,6392,11224,21,-35,28,-16168,3464,-3544,-98,51,18,-15600,3152,-4664,-196,-95,-36,121,126,standing
1652,-5804,-9084,11672,-92,-145,-571,-15792,684,-2616,1017,345,181,-15288,4680,-3536,254,-155,-23,-10792,6152,11200,12,-24,27,-15888,3032,-3744,-154,62,2,-15472,3496,-4024,-205,-105,-46,120,124,standing
1653,-5752,-9420,11608,-41,-257,-536,-15868,68,-2440,1120,414,109,-15328,4520,-3504,227,-162,-31,-10536,6280,11152,4,-30,31,-15992,2776,-3704,-98,51,-3,-15520,3360,-3480,-199,-97,-33,121,126,standing
1654,-5816,-9340,11612,28,-242,-381,-16504,-192,-3116,2042,139,53,-15472,3872,-3768,-136,-103,-83,-10360,6568,11272,6,-19,22,-16392,3456,-3808,-93,19,12,-15888,2928,-4096,-178,-79,-28,121,126,standing
1655,-5804,-9016,11768,-84,-139,-408,-16180,464,-3644,2172,107,364,-15232,3712,-4792,-216,-78,-85,-10480,6120,11288,-8,-2,-9,-16376,3000,-4144,-112,0,16,-15840,2208,-4760,-105,-57,-42,121,125,standing
1656,-5824,-9148,11764,-161,-146,-516,-15868,404,-3396,1351,154,247,-15160,2928,-5168,-167,-32,-55,-10568,6168,11328,-5,-11,1,-15856,2584,-3800,-3,-18,-8,-15472,2232,-3984,-9,-49,-25,121,128,standing
1657,-5840,-9256,11780,-52,-235,-591,-15796,272,-3064,794,96,-47,-15288,2208,-4888,-33,-10,-10,-10496,6464,11464,-4,-6,-2,-15976,2904,-3616,66,-45,15,-15552,2728,-3640,84,-58,0,121,124,standing
1658,-5748,-9160,11756,28,-373,-668,-15672,436,-2976,4,154,-256,-15512,1704,-4544,94,-53,23,-10640,6136,11288,3,-19,-7,-15824,3064,-3464,76,-51,29,-15720,3304,-4240,211,-123,-3,121,125,standing
1659,-5728,-9408,11644,138,-423,-662,-16332,-412,-2660,240,111,-275,-15424,1704,-4512,105,-56,23,-10544,6208,11152,2,-31,2,-15864,3112,-3272,47,-26,-1,-16104,2608,-3680,231,-225,-42,121,124,standing
1660,-5692,-9184,11736,89,-269,-482,-16536,-432,-2816,1994,-97,-50,-15760,2536,-4224,267,-122,75,-10344,6520,11600,10,-2,-7,-16512,3536,-3256,-3,-21,5,-16560,3120,-3288,134,-309,-63,121,131,standing
1661,-5612,-8744,11952,-22,-250,-507,-15752,1052,-3432,1650,-64,310,-15576,3672,-4464,383,-121,127,-10656,5984,11488,13,9,-22,-16168,2864,-3448,-76,-9,-6,-17016,3576,-3272,69,-400,-53,120,124,standing
1662,-5684,-9484,11620,-126,-179,-553,-16104,276,-3060,630,82,51,-15152,3264,-3992,370,-85,141,-10512,6144,11288,11,6,-6,-15968,2768,-3576,-14,4,-17,-15800,2752,-2736,92,-483,-53,120,125,standing
1663,-5696,-9480,11680,-103,-91,-443,-16336,-364,-3032,920,-195,-353,-15376,2856,-4480,276,-50,117,-10488,6312,11280,10,4,-10,-15992,3248,-3280,17,0,-1,-15760,2760,-3000,91,-468,-14,121,125,standing
1664,-5668,-9076,11852,-88,-48,-498,-15800,428,-3088,1028,-154,-89,-15408,2920,-4680,281,-25,92,-10544,6264,11176,15,4,-16,-15936,3088,-3424,-11,7,-4,-16416,2808,-2928,162,-628,-61,120,128,standing
1665,-5640,-9216,11892,-97,-157,-477,-16116,152,-3092,1092,-249,-201,-15208,2792,-4504,363,-27,112,-10432,6152,11440,11,-5,-19,-15880,2992,-3520,2,33,-25,-16096,2120,-3120,116,-687,-102,120,128,standing
1666,-5716,-9148,11832,-133,-58,-514,-16064,-188,-3124,1646,-246,-57,-15216,3008,-4400,345,-51,142,-10552,6232,11176,6,3,-14,-16080,2920,-3400,0,50,-36,-11536,368,-1680,-135,-720,-50,120,124,standing
1667,-5644,-9356,11704,-197,-40,-537,-16008,-180,-2872,1856,-308,151,-15152,3144,-4424,295,-49,138,-10536,6248,11208,3,-8,-9,-15880,2888,-3720,-35,42,-19,-14680,1360,-1200,70,-453,6,120,127,standing
1668,-5684,-9436,11676,-167,-31,-472,-15960,20,-2944,1376,-229,37,-15480,3168,-4208,282,-66,108,-10712,6200,11336,4,-15,-11,-16024,2792,-4000,-33,13,-19,-15968,2384,-2736,254,-348,-44,120,131,standing
1669,-5600,-9216,11856,-5,-116,-468,-15720,628,-2956,510,-121,-186,-15384,3376,-4304,296,-77,69,-10512,6352,11480,10,0,-11,-16816,2512,-4336,-34,-33,7,-15856,2728,-3456,300,-206,-71,120,128,standing
1670,-5488,-9352,11828,-67,-156,-504,-16048,-220,-2772,136,-35,-361,-15384,2952,-4144,215,-50,47,-10496,6280,11248,23,1,-17,-16728,2408,-4280,45,-78,24,-15648,2640,-2904,116,-90,-6,120,125,standing
1671,-5548,-9328,11848,-53,-64,-394,-16496,-452,-2996,980,-251,-125,-15544,3016,-4112,92,-19,49,-10544,6104,11152,27,-5,-8,-16104,2472,-3928,143,-102,33,-15800,3048,-2224,24,8,38,119,122,standing
1672,-5564,-9272,11944,-97,57,-217,-16332,-68,-3360,1447,-334,88,-15520,3192,-4600,48,-13,58,-10632,6416,11296,36,-5,1,-16088,3080,-3072,143,-116,53,-16040,2704,-2104,57,12,12,119,129,standing
1673,-5500,-9132,11872,-103,83,-245,-15928,560,-3264,931,-333,-4,-15336,3208,-4688,80,-15,47,-10616,6464,11184,34,12,-11,-16152,3088,-3048,47,-112,48,-16248,2080,-1840,86,-37,-25,120,124,standing
1674,-5608,-9280,11796,-147,78,-296,-15860,332,-3056,-63,-276,-205,-14992,3032,-4392,122,9,66,-10504,6256,11256,27,1,-12,-15992,3208,-3712,-16,-89,23,-15960,2088,-1784,72,-67,-5,119,125,standing
1675,-5580,-9260,11756,-88,20,-340,-15884,156,-2884,-214,-271,-402,-15152,2904,-4104,114,17,72,-10576,6200,11104,24,14,-20,-16104,2680,-3304,-68,-78,23,-16032,2480,-1344,85,-16,26,119,129,standing
1676,-5540,-9144,11736,-137,28,-340,-15868,-92,-2572,-221,-74,-308,-15448,2656,-3904,132,-14,75,-10632,6304,11240,30,3,-13,-16088,2568,-3392,14,-72,21,-16016,2736,-1936,116,4,20,119,127,standing
1677,-5436,-9312,11796,-101,-30,-369,-16072,-652,-2608,578,-72,-30,-15560,2664,-3944,122,-39,73,-10560,6480,11248,28,8,-27,-16088,3144,-3512,25,-85,35,-15936,2768,-1832,123,7,20,119,127,standing
1678,-5572,-9504,11816,-68,6,-319,-16128,-488,-2820,1037,-36,133,-15584,2672,-4120,100,-62,51,-10552,6144,11208,20,-3,-27,-15752,2960,-3616,23,-78,29,-15784,2560,-1840,122,-15,13,119,128,standing
1679,-5560,-9376,11804,-50,37,-349,-16144,60,-2864,996,16,145,-15744,2984,-4392,86,-60,16,-10600,6376,11080,18,-8,-22,-15944,2776,-3224,42,-55,15,-15720,2280,-1800,88,-35,24,119,131,standing
1680,-5484,-9172,11760,23,5,-149,-16032,632,-3388,381,-105,-159,-15576,3240,-4584,60,-18,11,-10592,6400,11200,21,3,-24,-16280,3088,-3376,2,-59,28,-16152,2584,-1728,74,-24,10,119,130,standing
1681,-5492,-9272,11856,-69,87,-236,-16104,88,-3292,-474,1,-203,-15240,3504,-4904,21,16,28,-10688,6296,11320,18,-3,-21,-15952,2808,-3240,14,-47,20,-15944,2608,-1680,78,-12,2,119,126,standing
1682,-5544,-9292,11788,-148,135,-194,-16092,-192,-3076,-393,-137,-232,-15216,3448,-4656,-3,24,49,-10488,6272,11304,15,-10,-21,-16152,2728,-3288,24,-32,11,-16104,2752,-2176,55,20,-5,119,128,standing
1683,-5508,-9348,11724,-83,154,-165,-15976,-280,-2796,-260,-121,-170,-15280,3128,-4488,-9,9,36,-10520,6256,11344,20,-2,-25,-16360,2976,-3256,1,-54,27,-15872,2400,-1960,74,73,13,120,128,standing
1684,-5488,-9168,11856,-75,157,-131,-15960,-36,-2880,62,-84,-91,-15416,3056,-4280,-35,-3,2,-10632,6176,11344,17,2,-31,-16264,2872,-3440,27,-50,34,-16488,2264,-1992,75,60,15,119,132,standing
1685,-5488,-9112,11908,-129,126,-211,-15768,516,-2932,-583,30,-68,-15440,3280,-4064,-59,-5,-17,-10600,6144,11216,19,0,-20,-16216,2784,-3264,48,-40,14,-16192,2264,-2048,110,44,0,119,128,standing
1686,-5512,-9368,11764,-139,88,-211,-16116,124,-2664,-911,167,-273,-15544,3096,-4208,-79,8,-12,-10408,6568,11304,23,2,-19,-16208,3120,-2920,39,-44,22,-15864,2192,-2000,103,36,-1,119,129,standing
1687,-5416,-9348,11760,-156,90,-210,-16028,-456,-2660,-450,194,-292,-15576,2560,-4360,-109,8,-6,-10688,6152,11240,22,18,-34,-16096,3280,-3472,-64,-43,34,-15800,2536,-2592,127,80,14,119,130,standing
1688,-5468,-9452,11856,-85,117,-166,-16216,-400,-2844,-8,140,50,-15608,2320,-4472,-101,-6,1,-10592,6208,11168,20,4,-17,-16160,2752,-3664,-46,-30,2,-15768,2928,-2456,81,73,24,120,128,standing
1689,-5664,-9368,11716,-109,191,-92,-16212,-284,-3028,318,53,76,-15360,2536,-4624,-51,-16,-8,-10640,6480,10920,19,-3,-19,-16016,2720,-3064,26,-41,6,-15968,3168,-2528,25,46,7,119,128,standing
1690,-5436,-8932,11896,-74,110,-170,-15620,576,-3164,412,59,25,-15128,3144,-4544,-15,2,-17,-10544,6176,11312,22,5,-25,-16208,2848,-3296,14,-58,39,-15936,3040,-2360,16,45,3,120,129,standing
1691,-5500,-9256,11820,-112,79,-251,-15840,532,-3008,-632,183,-75,-15096,3176,-4584,19,30,19,-10600,6184,11304,18,-7,-18,-15848,2864,-3272,23,-42,28,-15992,2616,-1952,-40,47,-2,120,133,standing
1692,-5568,-9376,11756,-140,114,-250,-16216,-372,-2920,-706,99,-279,-15488,3136,-4424,5,-1,57,-10688,6328,11320,11,-14,-15,-15904,3136,-2688,22,-17,1,-16248,2208,-1552,-39,62,-14,120,128,standing
1693,-5472,-9404,11824,-105,76,-225,-15992,-452,-2872,-44,51,-108,-15232,2728,-4688,-27,-3,59,-10568,6432,11088,11,-5,-21,-16064,3232,-2888,-13,-9,18,-16648,2600,-1776,49,12,-18,121,130,standing
1694,-5524,-9380,11788,-27,95,-225,-15996,-316,-2880,318,80,141,-15472,2480,-4712,13,-29,19,-10464,6384,11392,12,2,-24,-16472,3304,-3224,-52,6,11,-16296,2536,-2176,37,-7,2,120,129,standing
1695,-5492,-9316,11860,21,56,-251,-15984,92,-2900,490,41,110,-15656,2384,-4408,96,-23,3,-10632,6168,11216,14,4,-26,-16232,2728,-3440,-38,22,8,-16104,2200,-1784,35,6,24,120,128,standing
1696,-5480,-9272,11840,-59,104,-202,-16216,144,-3000,454,15,41,-15968,2592,-4624,162,12,23,-10632,6288,11256,12,-8,-21,-15880,2712,-3168,42,28,4,-15896,2488,-1992,65,13,21,121,131,standing
1697,-5548,-9252,11872,-115,175,-203,-16100,-12,-2960,536,87,104,-15472,2816,-4744,132,-1,40,-10688,6520,11280,12,-3,-26,-16168,3128,-3256,50,13,15,-15912,2704,-2216,83,-5,-2,121,128,standing
1698,-5468,-9176,11912,-103,124,-177,-15764,172,-3088,279,23,106,-15120,3432,-4568,82,-49,61,-10568,6176,11024,14,-2,-27,-16216,2976,-3520,-15,24,19,-15960,2584,-2504,28,-18,-23,120,129,standing
1699,-5512,-9320,11812,-117,139,-194,-15968,128,-3044,-181,130,-30,-15072,3912,-4448,46,-71,65,-10496,6192,11152,17,-4,-22,-16184,2744,-3288,-24,38,-2,-16176,2544,-1896,-31,-10,-25,121,128,standing
1700,-5476,-9344,11812,-77,80,-218,-15984,256,-2992,-652,136,-231,-15056,3832,-4120,-10,-36,31,-10544,6456,11240,15,-5,-20,-16024,2880,-3320,-15,34,-4,-15736,2696,-2208,-63,4,-9,121,131,standing
1701,-5504,-9296,11688,-128,80,-231,-16072,-288,-3080,-468,130,-126,-15160,3240,-4096,-94,13,-8,-10592,6200,11240,13,4,-21,-16032,2896,-3440,-12,19,23,-15984,2448,-2160,-77,8,-2,121,128,standing
1702,-5428,-9408,11672,-106,103,-185,-16184,-328,-2924,-114,43,-40,-15544,2952,-4400,-111,31,-22,-10632,6208,11352,14,-11,-17,-16048,3016,-3480,-7,23,7,-15824,2304,-2384,-50,16,-6,121,130,standing
1703,-5552,-9300,11736,-60,134,-162,-15960,24,-3032,341,-17,35,-15544,2848,-4688,-103,17,-19,-10512,6352,11424,12,-6,-24,-16296,3032,-3344,-42,16,7,-15816,2120,-2392,-7,44,2,121,133,standing
1704,-5508,-9220,11856,-74,107,-137,-16180,236,-3220,-20,-10,86,-15352,2952,-4672,-101,15,-18,-10648,6224,11320,7,0,-23,-15992,2784,-3560,-28,12,13,-16144,2344,-2320,19,47,2,121,130,standing
1705,-5492,-9312,11836,-50,144,-154,-16080,-24,-2992,-82,-54,-103,-15192,2784,-5000,-112,18,-3,-10616,6232,11176,12,-3,-21,-16056,2832,-3560,17,10,10,-15904,2616,-2464,46,50,5,121,130,standing
1706,-5484,-9124,11920,-88,135,-172,-15744,428,-3164,-315,-67,-165,-15200,2992,-4672,-67,11,26,-10544,6144,11264,16,-4,-26,-16256,2872,-3128,23,11,19,-15992,2504,-2528,24,33,-9,121,130,standing
1707,-5464,-9288,11808,-132,155,-214,-16016,-24,-2924,-529,-43,-156,-15336,2912,-4480,3,-8,46,-10552,6384,11328,16,-6,-27,-16056,2840,-3280,6,11,22,-15816,2392,-2448,-26,44,12,122,130,standing
1708,-5476,-9452,11800,-83,158,-199,-16060,-532,-2764,-66,-124,-103,-15224,2936,-4544,11,-12,49,-10576,6192,11328,17,-1,-26,-16056,3048,-3576,-14,13,16,-15880,2576,-2336,-27,70,20,122,134,standing
1709,-5472,-9200,11900,-82,93,-171,-15888,248,-3032,188,-86,31,-15560,3056,-4488,40,-19,23,-10456,6280,11304,18,12,-25,-16264,2840,-3248,-41,17,10,-16176,2672,-2568,-3,74,-7,121,130,standing
1710,-5452,-9176,11848,-122,65,-225,-15824,492,-3048,-530,-34,-55,-15632,3272,-4248,31,5,41,-10544,6288,11008,20,13,-27,-16280,2776,-3424,-19,14,13,-15800,2344,-2712,-9,67,-9,122,130,standing
1711,-5456,-9432,11788,-101,86,-215,-16144,-188,-2848,-913,17,-208,-15360,2968,-4184,-45,18,62,-10624,6280,11496,24,3,-21,-15992,3112,-3648,-29,1,17,-15712,2384,-2744,-41,79,11,122,130,standing
1712,-5476,-9504,11788,-105,128,-182,-16068,-420,-2972,-552,17,-143,-15400,2672,-4376,-93,18,53,-10728,6112,11088,12,4,-23,-15800,2936,-3440,-28,0,23,-15768,2456,-2192,-44,109,33,122,131,standing
1713,-5456,-9504,11844,-39,94,-148,-15996,-256,-2696,-99,-4,10,-15480,2672,-4424,-44,3,20,-10496,6280,11072,12,-10,-18,-16000,2832,-3424,-8,4,15,-15944,2688,-2712,-28,103,31,122,130,standing
1714,-5468,-9240,11808,38,110,-113,-16008,12,-3116,242,-25,33,-15456,2912,-4560,-5,3,-7,-10632,6392,11344,14,1,-32,-16496,3088,-3304,-29,-13,37,-16232,2640,-3000,16,88,-6,122,131,standing
1715,-5468,-9232,11896,-60,163,-126,-16104,112,-3096,188,-30,147,-15224,3256,-4608,-11,19,4,-10552,6360,11528,18,9,-34,-16128,2608,-3480,-22,-31,36,-15848,2224,-2936,-2,111,19,123,130,standing
1716,-5440,-9284,11912,-78,212,-111,-16128,76,-2964,223,-26,56,-15160,3512,-4352,-44,19,26,-10704,6040,11368,18,0,-25,-16096,2712,-3520,33,-27,21,-15624,1936,-2440,-46,142,55,122,128,standing
1717,-5440,-9232,11852,-126,193,-153,-15784,304,-3088,-175,55,-31,-15280,3360,-4296,-32,7,49,-10632,6232,11304,23,-5,-19,-15992,2712,-3288,69,-30,42,-15776,2064,-2352,-19,187,66,122,131,standing
1718,-5432,-9320,11828,-97,135,-136,-16068,-208,-3060,-195,26,-62,-15248,2656,-4648,15,13,49,-10576,6336,11136,13,-18,-17,-15936,3184,-2952,43,-25,51,-16248,2688,-2392,33,163,37,122,131,standing
1719,-5544,-9296,11844,-89,177,-133,-16036,-456,-2872,186,14,7,-15496,2368,-4544,34,8,42,-10640,6152,11328,13,-14,-20,-16088,3272,-3048,-44,-14,16,-16216,2728,-3024,83,97,-1,122,130,standing
1720,-5484,-9300,11780,-129,206,-130,-15976,-144,-2908,477,36,283,-15488,2472,-4888,55,-6,23,-10544,6304,11152,7,-19,-13,-16096,2808,-3152,-12,-4,28,-16080,2760,-2856,69,80,10,122,131,standing
1721,-5528,-9296,11772,-27,114,-140,-15924,-28,-2896,524,59,271,-15360,2944,-4488,82,-12,14,-10560,6272,11304,14,-18,-18,-16216,2984,-2920,39,2,22,-15752,2600,-2120,-35,104,47,122,131,standing
1722,-5464,-9508,11732,-37,157,-115,-16100,40,-2940,-120,89,8,-15408,3312,-4648,101,-12,21,-10592,6280,11272,14,-13,-20,-16080,3128,-3096,34,-5,42,-15496,2512,-2400,-23,191,56,122,131,standing
1723,-5560,-9280,11812,-68,203,-68,-16160,-204,-3040,68,52,90,-15384,3344,-4584,60,-18,38,-10712,6328,11376,11,-14,-23,-16040,2920,-3248,37,10,32,-15496,2312,-2440,3,274,82,123,131,standing
1724,-5592,-9348,11848,-77,264,-28,-16228,-116,-3144,405,-9,227,-15376,3248,-4880,18,-10,38,-10600,6336,10952,9,-25,-19,-15984,2928,-2952,61,22,21,-16160,2792,-2848,30,241,56,122,129,standing
1725,-5508,-9076,11860,-100,278,-75,-15800,344,-3200,247,-18,166,-15200,3208,-4848,-17,-2,26,-10656,6296,11344,8,-11,-31,-16184,3064,-3080,-4,15,29,-16592,3208,-3424,71,124,22,122,130,standing
1726,-5508,-9316,11788,-101,201,-137,-15784,224,-2904,-419,80,81,-15088,3128,-4528,-17,4,5,-10536,6216,11232,12,-15,-25,-16248,2680,-3512,14,9,32,-16064,2760,-3392,12,48,44,122,130,standing
1727,-5516,-9356,11860,-9,162,-154,-15936,-16,-2948,-372,57,-39,-14912,3224,-4280,-52,0,-3,-10576,6296,11432,18,-8,-20,-16488,2864,-3728,21,3,28,-15864,2344,-3400,-56,103,58,122,129,standing
1728,-5484,-9280,11924,0,139,-133,-15960,72,-3104,-410,75,-43,-15256,3152,-4480,-74,-22,1,-10640,6176,11256,14,-10,-16,-16040,2872,-3296,26,-3,25,-15504,2560,-3224,-97,184,72,122,131,standing
1729,-5372,-9320,11820,-27,150,-103,-16184,-128,-2996,-96,18,37,-15464,3320,-4736,-80,-21,-8,-10624,6280,11144,18,-10,-16,-15976,2928,-3256,17,-22,35,-15312,2896,-2984,-68,243,70,122,131,standing
1730,-5512,-9232,11788,-74,232,-87,-16032,80,-3148,187,-32,107,-15384,3176,-4680,-82,-1,-10,-10520,6408,11256,15,-4,-24,-16328,3080,-3544,-18,-31,32,-15848,3224,-3448,-8,203,41,122,128,standing
1731,-5492,-9092,11868,-114,165,-169,-15784,560,-3104,-99,-60,77,-15128,3144,-4680,-56,16,-12,-10616,6040,11192,12,-7,-26,-16088,2552,-3240,6,-33,38,-16000,3240,-3656,5,184,30,122,129,standing
1732,-5572,-9320,11772,-92,191,-189,-15976,152,-2864,-577,-21,-98,-15320,3008,-4544,-48,22,8,-10656,6264,11344,17,-12,-15,-15928,2928,-3160,55,-23,18,-16192,2904,-3736,-35,86,27,122,129,standing
1733,-5528,-9276,11964,-78,159,-165,-15976,-128,-2876,-365,-32,-87,-15432,2792,-4712,-41,19,20,-10496,6256,11264,18,-13,-20,-16392,3056,-3240,43,-32,48,-15992,2816,-3136,-66,32,52,122,131,standing
1734,-5540,-9220,11900,-92,192,-145,-16124,-76,-3012,-107,-82,67,-15584,2920,-4856,-38,2,26,-10648,6200,11304,11,-10,-19,-16016,3064,-3048,39,-22,30,-15816,2768,-2880,-43,32,34,122,131,standing
1735,-5560,-9316,11748,-76,159,-102,-16044,0,-3028,37,-66,101,-15440,2848,-5160,-31,-7,16,-10536,6304,11264,13,-12,-16,-15992,3088,-2856,38,-4,14,-15696,2768,-3032,-5,29,21,122,130,standing
1736,-5540,-9192,11792,-53,172,-121,-15884,240,-2960,59,-63,84,-15304,2936,-4904,4,2,12,-10456,6368,11192,15,-12,-20,-16144,2960,-3016,36,-8,34,-15800,2832,-3024,19,27,36,122,130,standing
1737,-5532,-9116,11860,-50,135,-170,-15880,492,-3044,-275,-31,25,-15256,2824,-4848,7,0,14,-10544,6368,11472,15,-11,-23,-16176,3104,-3232,28,1,32,-16000,2688,-3024,52,23,44,122,130,standing
1738,-5500,-9304,11848,-54,139,-174,-16208,-68,-2952,-374,-31,-66,-15400,3056,-4248,51,-6,52,-10488,6256,11216,17,-15,-19,-15992,3088,-3528,29,7,16,-15880,2816,-3168,95,29,39,122,130,standing
1739,-5572,-9308,11824,-68,166,-154,-16080,-108,-2844,49,5,9,-15496,3216,-4488,46,-22,66,-10616,6176,11376,15,-11,-24,-16072,2904,-3384,32,2,23,-15744,2832,-3712,87,32,35,122,130,standing
1740,-5520,-9148,11888,-65,174,-115,-15952,236,-2940,305,-11,109,-15400,3184,-4360,31,-26,43,-10520,6328,11248,21,0,-24,-16248,2848,-3488,22,7,29,-15752,3192,-3336,62,23,42,123,131,standing
1741,-5536,-9220,11784,-108,191,-100,-16056,160,-3028,13,-1,28,-15360,3080,-4456,16,0,27,-10632,6360,11440,15,1,-25,-16152,3048,-3416,17,-4,26,-15696,3024,-3568,38,13,30,123,131,standing
1742,-5564,-9284,11756,-148,221,-76,-16076,24,-3024,-52,-6,-16,-15416,3240,-4488,-7,15,20,-10688,6392,10888,20,-5,-23,-16056,2992,-3488,14,-8,26,-15720,3064,-3376,54,15,29,123,132,standing
1743,-5592,-9280,11868,-150,229,-126,-15908,116,-2968,-125,75,35,-15240,3120,-4760,-17,19,19,-10768,6216,11288,16,-3,-22,-16024,2984,-3392,16,-4,24,-15624,3160,-3224,55,25,19,122,131,standing
1744,-5604,-9292,11812,-116,212,-73,-15980,88,-2988,-232,69,-28,-15384,3056,-4808,-11,3,25,-10616,6464,11280,15,-13,-21,-15872,2976,-3248,42,-12,27,-15712,3072,-3696,32,26,13,123,131,standing
1745,-5632,-9244,11848,-132,159,-94,-15916,-84,-3024,-132,125,26,-15240,2864,-4832,-1,-16,30,-10528,6184,11064,16,-18,-11,-15896,3048,-3184,38,0,19,-15816,2928,-3520,8,11,9,123,130,standing
1746,-5620,-9248,11840,-86,167,-131,-15924,36,-3128,45,117,91,-15104,2912,-4736,-3,-12,19,-10496,6256,11176,13,-14,-21,-16048,3160,-3112,9,5,22,-15808,2888,-2968,13,-2,8,123,131,standing
1747,-5616,-9288,11760,-77,144,-112,-15940,148,-2952,45,83,102,-15280,3032,-4920,-3,-11,20,-10568,6232,11280,12,-12,-26,-16176,2992,-3288,0,9,23,-15848,2720,-2976,21,-6,9,123,130,standing
1748,-5504,-9316,11828,-51,140,-101,-16056,156,-3008,3,47,45,-15368,3024,-4768,10,-10,22,-10632,6384,11312,15,-24,-19,-16184,2920,-3360,4,3,17,-15640,2816,-3408,38,2,11,123,131,standing
1749,-5572,-9228,11860,-97,211,-100,-16064,124,-3168,-25,22,59,-15288,3280,-4896,31,-8,29,-10496,6176,11136,9,-8,-32,-16216,2976,-3736,2,0,27,-15576,2888,-3696,56,24,19,123,131,standing
1750,-5576,-9204,11916,-99,240,-79,-15900,240,-3324,-88,13,35,-15280,3216,-4856,29,-6,39,-10648,6232,11368,15,-6,-19,-16352,2888,-3464,2,-1,29,-15592,2872,-3696,48,42,20,123,131,standing
1751,-5632,-9200,11776,-155,203,-138,-15892,364,-3156,-171,43,-23,-15152,3392,-4808,22,-8,33,-10456,6296,11464,17,-11,-19,-15944,2912,-3088,37,3,12,-15720,2880,-3456,43,13,19,123,130,standing
1752,-5576,-9276,11944,-136,153,-165,-15944,320,-2896,-333,31,-52,-15128,3144,-4520,16,-5,30,-10456,6280,11280,14,-11,-23,-15936,3184,-3352,15,-1,30,-15664,3016,-3480,44,-13,8,123,130,standing
1753,-5640,-9244,11764,-94,137,-147,-16016,-44,-3112,-125,-30,-42,-15248,3232,-4528,7,-16,28,-10552,6328,11328,19,-4,-21,-16056,2952,-3448,-6,2,22,-15720,2976,-3464,40,-16,8,123,130,standing
1754,-5588,-9356,11832,-77,117,-151,-16012,24,-2916,111,5,24,-15328,3192,-4592,7,-22,29,-10640,6280,11320,16,-2,-24,-16216,2952,-3400,8,6,13,-15576,3160,-3448,33,-6,11,123,131,standing
1755,-5524,-9016,11896,-44,79,-163,-15820,512,-3104,116,-10,-41,-15320,3184,-4664,-11,-19,19,-10576,6408,11320,23,-4,-25,-16160,2848,-3344,15,-4,21,-15632,3096,-3496,18,-3,12,123,131,standing
1756,-5556,-9176,11740,-104,72,-209,-16028,148,-3128,41,23,-31,-15192,2960,-4824,-16,-4,21,-10616,6192,11336,16,-7,-22,-15912,3024,-3528,17,-2,27,-15616,3064,-3408,-10,-9,8,123,130,standing
1757,-5500,-9208,11764,-89,79,-227,-16084,108,-3084,58,18,-93,-15416,3080,-4904,-5,-4,29,-10496,6312,11392,13,-7,-18,-16112,3120,-3304,-14,0,22,-15512,2944,-3432,-18,-8,-4,123,131,standing
1758,-5688,-9288,11772,-102,127,-163,-15992,44,-3200,477,-90,48,-15272,3216,-4768,35,-27,35,-10528,6416,11424,15,-12,-18,-16096,3088,-3128,-20,0,11,-15736,2984,-3384,-1,-8,2,123,131,standing
1759,-5636,-9348,11764,-109,87,-195,-15856,164,-3104,157,-81,-3,-15216,3040,-5264,52,-29,26,-10584,6512,11128,15,-10,-23,-16128,3016,-3416,-7,-12,15,-15816,2880,-3192,10,-6,2,123,131,standing
1760,-5612,-9260,11872,-33,57,-217,-15920,276,-3216,-233,-100,-60,-15184,3024,-4912,32,-21,12,-10672,6288,11112,18,8,-29,-16248,2888,-3512,-18,-20,29,-15912,2848,-3784,27,-5,-4,123,130,standing
1761,-5592,-9220,11884,-50,58,-196,-15944,268,-3132,-464,-107,-123,-15128,3344,-4760,-3,-17,9,-10600,6120,11168,20,-2,-22,-16208,2864,-3392,5,-18,20,-15664,2840,-3712,42,3,-6,123,131,standing
1762,-5532,-9216,11908,-88,54,-223,-15932,188,-2992,-626,-87,-159,-15248,3432,-4704,-45,-26,25,-10704,6248,11280,19,6,-22,-16008,2928,-3424,10,-17,23,-15624,3008,-3488,12,-2,-5,123,131,standing
1763,-5544,-9292,11876,-67,42,-175,-16108,-76,-2948,-270,-152,-166,-15368,3472,-4456,-47,-31,28,-10456,6240,10824,15,-5,-22,-15904,3184,-3256,-16,-14,22,-15416,3096,-3424,-11,-23,2,123,131,standing
1764,-5572,-9240,11776,-97,89,-197,-16060,-24,-3064,161,-173,-8,-15232,3216,-4552,-51,-29,11,-10648,6216,11248,13,-18,-18,-15872,3168,-3320,-30,-6,12,-15824,2840,-3176,-37,-31,4,123,131,standing
1765,-5528,-9140,11848,-109,78,-225,-15824,392,-3132,287,-192,37,-15160,3128,-4632,-22,-20,0,-10592,6208,11384,16,-1,-22,-16184,2904,-3320,-33,-8,19,-15864,2888,-3344,-28,-33,5,123,131,standing
